27.994678497314453,4.23277473449707,-17.011985778808594,0
27.863595962524414,4.313117980957031,-16.328720092773438,0
27.67803955078125,4.4240312576293945,-15.711441040039062,0
27.43798828125,4.56670618057251,-15.156845092773438,0
27.143186569213867,4.742056369781494,-14.660452842712402,0
26.7933349609375,4.950523853302002,-14.215882301330566,0
26.38853645324707,5.1916303634643555,-13.815369606018066,0
25.929763793945312,5.463514804840088,-13.449883460998535,0
25.419301986694336,5.762678623199463,-13.109760284423828,0
24.860889434814453,6.08378267288208,-12.78504467010498,0
24.25946044921875,6.419853687286377,-12.466132164001465,0
23.620925903320312,6.7628607749938965,-12.144063949584961,0
22.951541900634766,7.104374408721924,-11.811371803283691,0
22.25741958618164,7.436203479766846,-11.462907791137695,0
21.544160842895508,7.751082897186279,-11.096270561218262,0
20.816240310668945,8.042973518371582,-10.711745262145996,0
20.076940536499023,8.307183265686035,-10.311644554138184,0
19.328142166137695,8.540348052978516,-9.899813652038574,0
18.570436477661133,8.740232467651367,-9.480866432189941,0
17.803211212158203,8.905463218688965,-9.059514045715332,0
17.025005340576172,9.03523063659668,-8.640071868896484,0
16.233840942382812,9.129015922546387,-8.226339340209961,0
15.427773475646973,9.186554908752441,-7.821615695953369,0
14.605417251586914,9.207720756530762,-7.428995132446289,0
13.766292572021484,9.192734718322754,-7.051642894744873,0
12.911358833312988,9.142349243164062,-6.692909240722656,0
12.042768478393555,9.058137893676758,-6.356224060058594,0
11.164070129394531,8.942777633666992,-6.04496955871582,0
10.279661178588867,8.80016040802002,-5.762296199798584,0
9.394465446472168,8.635310173034668,-5.510768890380859,0
8.513233184814453,8.4542236328125,-5.2922210693359375,0
7.640191555023193,8.26353931427002,-5.1071553230285645,0
6.778517723083496,8.069988250732422,-4.954538345336914,0
5.93010139465332,7.880149841308594,-4.8318867683410645,0
5.095621585845947,7.699941158294678,-4.735184669494629,0
4.27449369430542,7.534433841705322,-4.6592512130737305,0
3.465069055557251,7.387618064880371,-4.597836017608643,0
2.664921283721924,7.262376308441162,-4.543912887573242,0
1.871132493019104,7.160478115081787,-4.489885330200195,0
1.080634593963623,7.082533836364746,-4.428089141845703,0
0.290647029876709,7.028056621551514,-4.351381778717041,0
-0.5008361339569092,6.995612621307373,-4.253808498382568,0
-1.2947230339050293,6.982799053192139,-4.131350040435791,0
-2.090651750564575,6.986544132232666,-3.9825079441070557,0
-2.8868203163146973,7.003340244293213,-3.808596611022949,0
-3.679985523223877,7.0294342041015625,-3.613814353942871,0
-4.465677261352539,7.06123161315918,-3.4046108722686768,0
-5.238612651824951,7.095483303070068,-3.188960552215576,0
-5.993240833282471,7.129486560821533,-2.9750993251800537,0
-6.724166393280029,7.161214828491211,-2.77057147026062,0
-7.426790714263916,7.189291477203369,-2.5814626216888428,0
-8.097660064697266,7.212858200073242,-2.412102460861206,0
-8.734586715698242,7.231390953063965,-2.2649292945861816,0
-9.336931228637695,7.244489669799805,-2.140742778778076,0
-9.905243873596191,7.251594543457031,-2.0386648178100586,0
-10.441341400146484,7.251824378967285,-1.956599235534668,0
-10.94756031036377,7.24379825592041,-1.8911712169647217,0
-11.426382064819336,7.225557327270508,-1.8381998538970947,0
-11.879637718200684,7.194643974304199,-1.7929351329803467,0
-12.307586669921875,7.148189544677734,-1.7505815029144287,0
-12.708325386047363,7.083057403564453,-1.7073051929473877,0
-13.076967239379883,6.9960737228393555,-1.6608505249023438,0
-13.40531063079834,6.884164333343506,-1.6112511157989502,0
-13.681915283203125,6.744570255279541,-1.5611799955368042,0
-13.892345428466797,6.574713706970215,-1.5161292552947998,1
-14.019925117492676,6.3724446296691895,-1.4840831756591797,1
-14.046812057495117,6.135763645172119,-1.4750888347625732,1
-13.955119132995605,5.862936019897461,-1.5001869201660156,1
-13.728325843811035,5.552508354187012,-1.5706243515014648,1
-13.352543830871582,5.203457832336426,-1.6967988014221191,1
-12.817405700683594,4.815654754638672,-1.8877654075622559,1
-12.116715431213379,4.390295028686523,-2.151184558868408,1
-11.24869441986084,3.930570125579834,-2.493501901626587,1
-10.2159423828125,3.4422688484191895,-2.9201362133026123,1
-9.025211334228516,2.933854103088379,-3.4357454776763916,1
-7.686858177185059,2.4164555072784424,-4.0439229011535645,1
-6.214162349700928,1.9032586812973022,-4.746895790100098,1
-4.622562885284424,1.408784031867981,-5.54464864730835,1
-2.929213523864746,0.9477956891059875,-6.433689594268799,1
-1.1523555517196655,0.5343531370162964,-7.4056267738342285,1
0.6891767382621765,0.18084806203842163,-8.446310043334961,1
2.576500654220581,-0.1027728021144867,-9.535571098327637,1
4.4911112785339355,-0.30963292717933655,-10.64797592163086,1
6.4155707359313965,-0.4361819624900818,-11.754830360412598,1
8.333847999572754,-0.48227518796920776,-12.826744079589844,1
10.231558799743652,-0.4509652256965637,-13.835865020751953,1
12.095985412597656,-0.3480767607688904,-14.757400512695312,1
13.915953636169434,-0.1816154271364212,-15.571029663085938,1
15.681838989257812,0.03874265402555466,-16.2620792388916,1
17.38533592224121,0.3020611107349396,-16.82231903076172,1
19.019210815429688,0.5967562198638916,-17.250259399414062,1
20.577106475830078,0.9109852313995361,-17.550565719604492,1
22.0530948638916,1.2332319021224976,-17.733686447143555,1
23.441741943359375,1.5527452230453491,-17.8148136138916,1
24.73786735534668,1.859975814819336,-17.81328582763672,1
25.936601638793945,2.146940231323242,-17.751426696777344,1
27.033506393432617,2.4074840545654297,-17.653240203857422,1
28.0244140625,2.637380838394165,-17.543054580688477,1
28.905750274658203,2.8341972827911377,-17.444095611572266,1
29.674480438232422,2.9970223903656006,-17.377405166625977,1
30.3287410736084,3.125983715057373,-17.360750198364258,1
30.86795425415039,3.221757650375366,-17.408113479614258,1
31.293338775634766,3.285183906555176,-17.529577255249023,1
31.608139038085938,3.3169479370117188,-17.730953216552734,1
31.81808090209961,3.3174219131469727,-18.014202117919922,1
31.931434631347656,3.286591053009033,-18.377635955810547,1
31.95903205871582,3.2243831157684326,-18.8160457611084,1
31.91398811340332,3.1308326721191406,-19.320768356323242,1
31.811141967773438,3.006716728210449,-19.879817962646484,1
31.666259765625,2.8539156913757324,-20.477880477905273,1
31.495119094848633,2.67596435546875,-21.096799850463867,1
31.312654495239258,2.478177785873413,-21.716236114501953,1
31.132043838500977,2.267746686935425,-22.314987182617188,1
30.964378356933594,2.053398609161377,-22.872352600097656,1
30.818065643310547,1.8449374437332153,-23.369525909423828,1
30.698688507080078,1.6525682210922241,-23.790555953979492,1
30.608823776245117,1.4862574338912964,-24.12300682067871,1
30.548198699951172,1.3550031185150146,-24.357702255249023,1
30.51375389099121,1.2663660049438477,-24.4886531829834,1
30.500097274780273,1.2258880138397217,-24.512388229370117,1
30.500141143798828,1.2369091510772705,-24.42792320251465,1
30.505840301513672,1.3002873659133911,-24.236427307128906,1
30.508949279785156,1.4144803285598755,-23.94175148010254,1
30.501834869384766,1.5756425857543945,-23.55109214782715,1
30.478059768676758,1.7780474424362183,-23.07568359375,1
30.432767868041992,2.0145444869995117,-22.531085968017578,1
30.36243438720703,2.2772939205169678,-21.936351776123047,1
30.264558792114258,2.5585813522338867,-21.311899185180664,1
30.136919021606445,2.8516619205474854,-20.67673683166504,1
29.976747512817383,3.1513540744781494,-20.045696258544922,1
29.78019142150879,3.454477548599243,-19.427946090698242,1
29.542306900024414,3.759854316711426,-18.826213836669922,1
29.257036209106445,4.068018913269043,-18.237653732299805,1
28.918020248413086,4.380663871765137,-17.655269622802734,1
28.51919937133789,4.699922561645508,-17.06962776184082,1
28.055904388427734,5.027536392211914,-16.470783233642578,1
27.525510787963867,5.3641815185546875,-15.84984016418457,1
26.928062438964844,5.7089056968688965,-15.200949668884277,1
26.26673698425293,6.058773040771484,-14.522419929504395,1
25.547595977783203,6.409026622772217,-13.818106651306152,1
24.779321670532227,6.753506183624268,-13.097175598144531,1
23.972238540649414,7.085448741912842,-12.37292194366455,1
23.137178421020508,7.39825439453125,-11.660560607910156,1
22.284584045410156,7.686288356781006,-10.975526809692383,1
21.423585891723633,7.9453864097595215,-10.331926345825195,1
20.561445236206055,8.17292308807373,-9.74160385131836,1
19.703386306762695,8.367776870727539,-9.213237762451172,1
18.8524169921875,8.529986381530762,-8.751740455627441,1
18.0095272064209,8.660348892211914,-8.357731819152832,1
17.174001693725586,8.759903907775879,-8.027816772460938,1
16.343971252441406,8.829692840576172,-7.755433082580566,1
15.516942977905273,8.87051773071289,-7.532008171081543,1
14.690439224243164,8.882911682128906,-7.348344326019287,1
13.862324714660645,8.867443084716797,-7.196205139160156,1
13.031126022338867,8.824973106384277,-7.068618297576904,1
12.196099281311035,8.756872177124023,-6.960346698760986,1
11.356993675231934,8.665345191955566,-6.8673882484436035,1
10.513957023620605,8.553361892700195,-6.7865705490112305,1
9.6671781539917,8.42473030090332,-6.714892387390137,1
8.816794395446777,8.283919334411621,-6.648967266082764,1
7.962612152099609,8.13565444946289,-6.584511756896973,1
7.1041035652160645,7.984673976898193,-6.516332149505615,1
6.240355014801025,7.835404396057129,-6.4382476806640625,1
5.37019681930542,7.691548824310303,-6.343659400939941,1
4.492346286773682,7.556174278259277,-6.225986480712891,1
3.6056578159332275,7.431401252746582,-6.079418659210205,1
2.709379196166992,7.318560600280762,-5.899864673614502,1
1.80353581905365,7.218156814575195,-5.685629367828369,1
0.8892236351966858,7.129986763000488,-5.437901020050049,1
-0.031299520283937454,7.053197383880615,-5.160995006561279,1
-0.9543607831001282,6.986495494842529,-4.86198616027832,1
-1.87514328956604,6.928240776062012,-4.550304889678955,1
-2.787666082382202,6.87667179107666,-4.2366814613342285,1
-3.68525767326355,6.830068111419678,-3.931835651397705,1
-4.56109619140625,6.7869696617126465,-3.645508050918579,1
-5.4087677001953125,6.746292591094971,-3.3849880695343018,1
-6.222844123840332,6.707333564758301,-3.154592275619507,1
-6.999260902404785,6.66973876953125,-2.9558069705963135,1
-7.735528945922852,6.633359432220459,-2.7876510620117188,1
-8.430831909179688,6.597999572753906,-2.647764205932617,1
-9.085859298706055,6.563284397125244,-2.5331075191497803,1
-9.702601432800293,6.528364181518555,-2.4408209323883057,1
-10.283998489379883,6.4919304847717285,-2.36857271194458,1
-10.833415985107422,6.452025413513184,-2.3144707679748535,1
-11.354325294494629,6.406162261962891,-2.2769131660461426,1
-11.849626541137695,6.351298809051514,-2.2540414333343506,1
-12.321205139160156,6.284071445465088,-2.243605613708496,1
-12.769299507141113,6.200948715209961,-2.2425973415374756,1
-13.192041397094727,6.098430633544922,-2.247513771057129,1
-13.58505916595459,5.973387241363525,-2.2546472549438477,1
-13.941232681274414,5.8230509757995605,-2.260772705078125,2
-14.250733375549316,5.645290851593018,-2.2637648582458496,2
-14.501241683959961,5.438548564910889,-2.26338529586792,2
-14.678450584411621,5.201748847961426,-2.2616353034973145,2
-14.766730308532715,4.934296607971191,-2.2630882263183594,2
-14.749971389770508,4.635833263397217,-2.274733781814575,2
-14.612590789794922,4.306211948394775,-2.3057615756988525,2
-14.340282440185547,3.945495128631592,-2.367096424102783,2
-13.920843124389648,3.55403733253479,-2.4713399410247803,2
-13.344694137573242,3.1328978538513184,-2.6323022842407227,2
-12.605268478393555,2.6842033863067627,-2.864933967590332,2
-11.699280738830566,2.2117555141448975,-3.1844096183776855,2
-10.626974105834961,1.721247911453247,-3.605637311935425,2
-9.392277717590332,1.2207118272781372,-4.141578197479248,2
-8.00291633605957,0.7202361822128296,-4.8013434410095215,2
-6.470302104949951,0.23183465003967285,-5.588359832763672,2
-4.809352397918701,-0.2313096672296524,-6.498688220977783,2
-3.037923574447632,-0.6555702090263367,-7.520223617553711,2
-1.1761847734451294,-1.027617335319519,-8.632810592651367,2
0.7543614506721497,-1.335472583770752,-9.8097505569458,2
2.7316997051239014,-1.5690442323684692,-11.019145965576172,2
4.7338995933532715,-1.7207876443862915,-12.225615501403809,2
6.7396979331970215,-1.7861723899841309,-13.3921480178833,2
8.728960037231445,-1.763871431350708,-14.482295989990234,2
10.683284759521484,-1.6559327840805054,-15.462890625,2
12.586462020874023,-1.4677921533584595,-16.30654525756836,2
14.424930572509766,-1.208039402961731,-16.994020462036133,2
16.18789291381836,-0.8880133032798767,-17.515562057495117,2
17.86734962463379,-0.521323561668396,-17.87116050720215,2
19.457794189453125,-0.12296518683433533,-18.07013511657715,2
20.955778121948242,0.29142051935195923,-18.129487991333008,2
22.359350204467773,0.7065116763114929,-18.072359085083008,2
23.66758155822754,1.1081814765930176,-17.925857543945312,2
24.880126953125,1.4841301441192627,-17.719240188598633,2
25.99692153930664,1.824565052986145,-17.482515335083008,2
27.01778221130371,2.1223833560943604,-17.244382858276367,2
27.942462921142578,2.373361825942993,-17.03110122680664,2
28.77054214477539,2.575904130935669,-16.86547088623047,2
29.5017147064209,2.7306134700775146,-16.76609992980957,2
30.13616371154785,2.8396759033203125,-16.74748420715332,2
30.675031661987305,2.9060792922973633,-16.820613861083984,2
31.121009826660156,2.9330496788024902,-16.993061065673828,2
31.47866439819336,2.923495054244995,-17.269603729248047,2
31.754779815673828,2.879808187484741,-17.652099609375,2
31.95845603942871,2.8037915229797363,-18.139833450317383,2
32.10075759887695,2.696770429611206,-18.728973388671875,2
32.19447708129883,2.559994697570801,-19.411901473999023,2
32.25300598144531,2.3950753211975098,-20.175840377807617,2
32.2894172668457,2.204616069793701,-21.001686096191406,2
32.31546401977539,1.9925800561904907,-21.863874435424805,2
32.34073257446289,1.7647160291671753,-22.731966018676758,2
32.37230682373047,1.5283620357513428,-23.573015213012695,2
32.41447067260742,1.292178988456726,-24.35486602783203,2
32.468753814697266,1.065532922744751,-25.049318313598633,2
32.534053802490234,0.8578618168830872,-25.633926391601562,2
32.60672378540039,0.6779866814613342,-26.093177795410156,2
32.680747985839844,0.5335658192634583,-26.418136596679688,2
32.74826431274414,0.43077850341796875,-26.60576820373535,2
32.80012893676758,0.373932421207428,-26.657554626464844,2
32.826751708984375,0.36551719903945923,-26.578630447387695,2
32.81911849975586,0.40615829825401306,-26.376798629760742,2
32.76971435546875,0.4946996569633484,-26.06184959411621,2
32.67341613769531,0.6284719705581665,-25.64535903930664,2
32.52793884277344,0.803400456905365,-25.1405029296875,2
32.33408737182617,1.014352560043335,-24.56170654296875,2
32.09549331665039,1.255429744720459,-23.924673080444336,2
31.817794799804688,1.5203399658203125,-23.245508193969727,2
31.507612228393555,1.8029253482818604,-22.53977394104004,2
31.17122459411621,2.097642421722412,-21.82122039794922,2
30.813304901123047,2.3999955654144287,-21.100866317749023,2
30.43617057800293,2.7067148685455322,-20.38681411743164,2
30.039363861083984,3.015862226486206,-19.684783935546875,2
29.620088577270508,3.326564073562622,-18.998676300048828,2
29.173625946044922,3.6386361122131348,-18.3314266204834,2
28.694744110107422,3.952099323272705,-17.685367584228516,2
28.178598403930664,4.266726016998291,-17.062429428100586,2
27.621864318847656,4.581536769866943,-16.46411895751953,2
27.023408889770508,4.89453125,-15.89140510559082,2
26.384397506713867,5.202616214752197,-15.343987464904785,2
25.708005905151367,5.501797199249268,-14.819669723510742,2
24.99878692626953,5.787647724151611,-14.31401252746582,2
24.262052536010742,6.055732727050781,-13.821026802062988,2
23.50311851501465,6.302096366882324,-13.334168434143066,2
22.726879119873047,6.523679256439209,-12.847908973693848,2
21.937421798706055,6.718393802642822,-12.358344078063965,2
21.137868881225586,6.885187149047852,-11.864629745483398,2
20.330440521240234,7.024059772491455,-11.368968963623047,2
19.516386032104492,7.1357903480529785,-10.876489639282227,2
18.69619369506836,7.221866130828857,-10.393988609313965,2
17.869810104370117,7.284260272979736,-9.928858757019043,2
17.03695297241211,7.325181484222412,-9.488058090209961,2
16.197561264038086,7.346972465515137,-9.077581405639648,2
15.35222339630127,7.35190486907959,-8.702033042907715,2
14.50260066986084,7.342086315155029,-8.36457633972168,2
13.651419639587402,7.319525241851807,-8.0667142868042,2
12.80241584777832,7.286117076873779,-7.808120250701904,2
11.959956169128418,7.243680477142334,-7.586581230163574,2
11.128656387329102,7.193928241729736,-7.397864818572998,2
10.31279468536377,7.1385273933410645,-7.235951900482178,2
9.515875816345215,7.0790324211120605,-7.093654632568359,2
8.740362167358398,7.016720294952393,-6.963078498840332,2
7.9874444007873535,6.952719211578369,-6.836413383483887,2
7.256943702697754,6.887931823730469,-6.706352710723877,2
6.54733943939209,6.822993755340576,-6.5662760734558105,2
5.855820178985596,6.7586212158203125,-6.410385608673096,2
5.178375244140625,6.695540904998779,-6.233693599700928,2
4.5098748207092285,6.634720802307129,-6.031839847564697,2
3.8445072174072266,6.577384948730469,-5.801319599151611,2
3.175903081893921,6.524973392486572,-5.539661884307861,2
2.4976422786712646,6.479053020477295,-5.245921611785889,2
1.8038171529769897,6.441099166870117,-4.921092987060547,2
1.089462161064148,6.412252426147461,-4.56845235824585,2
0.3511595129966736,6.393180847167969,-4.193938732147217,2
-0.41252097487449646,6.383887767791748,-3.8060150146484375,2
-1.200798511505127,6.38361930847168,-3.415487766265869,2
-2.0105903148651123,6.390894889831543,-3.0346179008483887,2
-2.8368468284606934,6.403714656829834,-2.6761794090270996,2
-3.6728999614715576,6.419529914855957,-2.3522744178771973,2
-4.511090278625488,6.435564041137695,-2.073441982269287,2
-5.3433380126953125,6.448876857757568,-1.8478981256484985,2
-6.161964416503906,6.456475734710693,-1.6809918880462646,2
-6.96018123626709,6.455521583557129,-1.5747824907302856,2
-7.732734680175781,6.443233966827393,-1.5280200242996216,2
-8.476096153259277,6.416965484619141,-1.5362097024917603,2
-9.18856430053711,6.374241828918457,-1.591874122619629,2
-9.869882583618164,6.312662601470947,-1.6850241422653198,2
-10.520771980285645,6.22999906539917,-1.803913950920105,2
-11.142034530639648,6.124205589294434,-1.9359999895095825,2
-11.73360824584961,5.993560314178467,-2.069138765335083,2
-12.293472290039062,5.836821556091309,-2.1926591396331787,2
-12.81695556640625,5.653448104858398,-2.2986626625061035,3
-13.295939445495605,5.443681716918945,-2.3826870918273926,3
-13.718838691711426,5.208686828613281,-2.4442105293273926,3
-14.070703506469727,4.950442790985107,-2.4867141246795654,3
-14.334007263183594,4.671665668487549,-2.5171945095062256,3
-14.48974895477295,4.375454902648926,-2.545201063156128,3
-14.518965721130371,4.064959526062012,-2.581737518310547,3
-14.404260635375977,3.7430319786071777,-2.637932300567627,3
-14.131413459777832,3.412097930908203,-2.7240991592407227,3
-13.69033145904541,3.074122905731201,-2.8492963314056396,3
-13.075750350952148,2.7310497760772705,-3.0216944217681885,3
-12.287128448486328,2.385382652282715,-3.2491674423217773,3
-11.328459739685059,2.0406556129455566,-3.53963565826416,3
-10.20761775970459,1.7019256353378296,-3.901108741760254,3
-8.935571670532227,1.375892996788025,-4.341394901275635,3
-7.525569915771484,1.0707314014434814,-4.866973876953125,3
-5.9926228523254395,0.7956051826477051,-5.481367111206055,3
-4.353019714355469,0.5600324273109436,-6.183271408081055,3
-2.623994827270508,0.3732543885707855,-6.964976787567139,3
-0.8234580159187317,0.2435602992773056,-7.811646461486816,3
1.0303876399993896,0.17765717208385468,-8.701672554016113,3
2.919363498687744,0.18025219440460205,-9.608105659484863,3
4.82572078704834,0.2536705434322357,-10.50119686126709,3
6.7325873374938965,0.3975675106048584,-11.351421356201172,3
8.624433517456055,0.6086796522140503,-12.132229804992676,3
10.487414360046387,0.8809810876846313,-12.822508811950684,3
12.309820175170898,1.2056564092636108,-13.4080228805542,3
14.08210277557373,1.571701169013977,-13.88238525390625,3
15.79689884185791,1.9663739204406738,-14.246627807617188,3
17.44855499267578,2.376107692718506,-14.508088111877441,3
19.03267478942871,2.787426710128784,-14.67868423461914,3
20.54547882080078,3.1877963542938232,-14.77315616607666,3
21.983348846435547,3.566347360610962,-14.807788848876953,3
23.342573165893555,3.9143319129943848,-14.799336433410645,3
24.619123458862305,4.225390911102295,-14.76406478881836,3
25.808622360229492,4.495650768280029,-14.71748161315918,3
26.906539916992188,4.723517894744873,-14.673847198486328,3
27.908517837524414,4.9092535972595215,-14.64658260345459,3
28.810792922973633,5.054407119750977,-14.648395538330078,3
29.610631942749023,5.161173343658447,-14.691357612609863,3
30.306591033935547,5.231966018676758,-14.786384582519531,3
30.898723602294922,5.268850803375244,-14.942705154418945,3
31.38888168334961,5.2734479904174805,-15.167329788208008,3
31.780780792236328,5.246644973754883,-15.464445114135742,3
32.08024215698242,5.1887335777282715,-15.835033416748047,3
32.29506301879883,5.099599361419678,-16.27642059326172,3
32.43489456176758,4.9791364669799805,-16.782224655151367,3
32.51084899902344,4.827698230743408,-17.342395782470703,3
32.53500747680664,4.646595478057861,-17.94331932067871,3
32.51976013183594,4.438529968261719,-18.56866455078125,3
32.47710418701172,4.207916259765625,-19.20052146911621,3
32.41802215576172,3.960878372192383,-19.820552825927734,3
32.35200881958008,3.705152750015259,-20.412023544311523,3
32.28675079345703,3.449615955352783,-20.960681915283203,3
32.22781753540039,3.203831434249878,-21.455942153930664,3
32.178489685058594,2.9774343967437744,-21.890682220458984,3
32.13956832885742,2.779564380645752,-22.260353088378906,3
32.109397888183594,2.618372917175293,-22.561946868896484,3
32.08409118652344,2.500591278076172,-22.79269790649414,3
32.057918548583984,2.4312124252319336,-22.949378967285156,3
32.024169921875,2.413203477859497,-23.028072357177734,3
31.97589683532715,2.4475114345550537,-23.02440643310547,3
31.906770706176758,2.5330307483673096,-22.934511184692383,3
31.81183433532715,2.6668713092803955,-22.756216049194336,3
31.687952041625977,2.84440279006958,-22.490171432495117,3
31.533893585205078,3.059899091720581,-22.140485763549805,3
31.350069046020508,3.306915283203125,-21.7144718170166,3
31.137845993041992,3.578953266143799,-21.221519470214844,3
30.898571014404297,3.8701460361480713,-20.671573638916016,3
30.632692337036133,4.175714492797852,-20.073719024658203,3
30.33926010131836,4.492197513580322,-19.43524742126465,3
30.015594482421875,4.817478179931641,-18.76169776916504,3
29.65773582458496,5.150454521179199,-18.057777404785156,3
29.26120948791504,5.490664958953857,-17.327957153320312,3
28.821813583374023,5.837822914123535,-16.577857971191406,3
28.33656120300293,6.191240310668945,-15.814192771911621,3
27.80440330505371,6.5495100021362305,-15.045275688171387,3
27.226322174072266,6.910206317901611,-14.280423164367676,3
26.60550308227539,7.269948482513428,-13.529510498046875,3
25.94676971435547,7.624406337738037,-12.80186939239502,3
25.256088256835938,7.968716144561768,-12.106021881103516,3
24.5399112701416,8.297799110412598,-11.44884204864502,3
23.80450439453125,8.60671329498291,-10.835042953491211,3
23.05540657043457,8.89108657836914,-10.266877174377441,3
22.29718589782715,9.14725112915039,-9.744146347045898,3
21.533235549926758,9.37240219116211,-9.264970779418945,3
20.76575469970703,9.564644813537598,-8.82602310180664,3
19.995847702026367,9.722860336303711,-8.423017501831055,3
19.223730087280273,9.846556663513184,-8.050565719604492,3
18.448938369750977,9.935747146606445,-7.702816486358643,3
17.670583724975586,9.990765571594238,-7.3737030029296875,3
16.88775062561035,10.012200355529785,-7.05785608291626,3
16.09983253479004,10.000927925109863,-6.751073837280273,3
15.306632995605469,9.958172798156738,-6.450904369354248,3
14.508389472961426,9.885663032531738,-6.156809329986572,3
13.70584774017334,9.78569507598877,-5.869877338409424,3
12.899919509887695,9.661250114440918,-5.592684268951416,3
12.091373443603516,9.515971183776855,-5.328474998474121,3
11.280475616455078,9.35416316986084,-5.080587863922119,3
10.466758728027344,9.18051528930664,-4.851587772369385,3
9.648835182189941,8.999979019165039,-4.642597198486328,3
8.824363708496094,8.817465782165527,-4.452929973602295,3
7.990169525146484,8.6376371383667,-4.279847145080566,3
7.142641067504883,8.464512825012207,-4.118782043457031,3
6.278233528137207,8.301361083984375,-3.9637465476989746,3
5.393770694732666,8.150579452514648,-3.808058738708496,3
4.487112045288086,8.013559341430664,-3.6448583602905273,3
3.557345151901245,7.89077091217041,-3.468121290206909,3
2.6052229404449463,7.781848907470703,-3.273430585861206,3
1.6333246231079102,7.685712814331055,-3.059093713760376,3
0.646133303642273,7.600752353668213,-2.8267953395843506,3
-0.3499615788459778,7.524999618530273,-2.582080125808716,3
-1.346948504447937,7.4563117027282715,-2.3336782455444336,3
-2.33571720123291,7.392528057098389,-2.0926406383514404,3
-3.3065335750579834,7.331731796264648,-1.8708330392837524,3
-4.249882221221924,7.272177696228027,-1.6794556379318237,3
-5.1572675704956055,7.2124457359313965,-1.527528166770935,3
-6.02186918258667,7.151410102844238,-1.4207522869110107,3
-6.8391337394714355,7.088117599487305,-1.3608858585357666,3
-7.607082366943359,7.02166223526001,-1.3459651470184326,3
-8.32620620727539,6.951074600219727,-1.370857834815979,3
-8.999171257019043,6.875234603881836,-1.4283289909362793,3
-9.63024616241455,6.792649745941162,-1.5099141597747803,3
-10.224616050720215,6.701600551605225,-1.6068472862243652,3
-10.787473678588867,6.600031852722168,-1.7106120586395264,3
-11.323227882385254,6.485737323760986,-1.813579797744751,3
-11.834611892700195,6.356508731842041,-1.9092400074005127,3
-12.321959495544434,6.210387706756592,-1.992493987083435,3
-12.782638549804688,6.045892715454102,-2.059838056564331,3
-13.210899353027344,5.862269401550293,-2.109457492828369,4
-13.59771728515625,5.659517288208008,-2.141355276107788,4
-13.931366920471191,5.4384331703186035,-2.1573619842529297,4
-14.197924613952637,5.200341701507568,-2.1610660552978516,4
-14.382158279418945,4.946855068206787,-2.1576318740844727,4
-14.468490600585938,4.679498195648193,-2.1533968448638916,4
-14.44199275970459,4.399474620819092,-2.1555027961730957,4
-14.289304733276367,4.107385635375977,-2.171396017074585,4
-13.999388694763184,3.803238868713379,-2.2088124752044678,4
-13.563867568969727,3.4866955280303955,-2.2759532928466797,4
-12.977042198181152,3.1573939323425293,-2.3820078372955322,4
-12.235995292663574,2.8156368732452393,-2.537630081176758,4
-11.340252876281738,2.4629015922546387,-2.75478458404541,4
-10.291890144348145,2.1023406982421875,-3.0464320182800293,4
-9.095528602600098,1.7390965223312378,-3.42549991607666,4
-7.758402347564697,1.3802285194396973,-3.9035234451293945,4
-6.290523529052734,1.0345014333724976,-4.489126205444336,4
-4.704760551452637,0.7117254137992859,-5.186065673828125,4
-3.01686429977417,0.422084778547287,-5.991721153259277,4
-1.2451976537704468,0.17525114119052887,-6.8960771560668945,4
0.5896848440170288,-0.020340560004115105,-7.88176155090332,4
2.466069221496582,-0.1582723706960678,-8.92530632019043,4
4.361965179443359,-0.23473772406578064,-9.999120712280273,4
6.256171226501465,-0.24886295199394226,-11.07313346862793,4
8.12908935546875,-0.20286868512630463,-12.116602897644043,4
9.963362693786621,-0.10181853920221329,-13.099905014038086,4
11.744468688964844,0.046651583164930344,-13.996347427368164,4
13.461024284362793,0.23284021019935608,-14.784090995788574,4
15.104736328125,0.44564083218574524,-15.447751998901367,4
16.67032241821289,0.6732181310653687,-15.979394912719727,4
18.15506362915039,0.9036858081817627,-16.378938674926758,4
19.55818748474121,1.1260284185409546,-16.65395736694336,4
20.88031578063965,1.3306078910827637,-16.818828582763672,4
22.12262535095215,1.5099210739135742,-16.893762588500977,4
23.286455154418945,1.6589277982711792,-16.9032039642334,4
24.3726806640625,1.7752872705459595,-16.8741512298584,4
25.381425857543945,1.859262228012085,-16.834102630615234,4
26.311878204345703,1.9135348796844482,-16.809139251708984,4
27.162309646606445,1.942603349685669,-16.822235107421875,4
27.93021011352539,1.9520734548568726,-16.8916015625,4
28.612741470336914,1.947777271270752,-17.030006408691406,4
29.207101821899414,1.935022234916687,-17.24434471130371,4
29.711162567138672,1.9179500341415405,-17.53598976135254,4
30.123981475830078,1.8991923332214355,-17.901836395263672,4
30.446557998657227,1.8795841932296753,-18.335521697998047,4
30.682268142700195,1.8583134412765503,-18.828781127929688,4
30.837263107299805,1.833177089691162,-19.372438430786133,4
30.920631408691406,1.80109441280365,-19.95713233947754,4
30.944137573242188,1.7587177753448486,-20.573251724243164,4
30.921499252319336,1.7032493352890015,-21.210723876953125,4
30.867591857910156,1.6331371068954468,-21.858013153076172,4
30.797340393066406,1.5485762357711792,-22.50203514099121,4
30.724708557128906,1.4519157409667969,-23.12791633605957,4
30.66179847717285,1.3475583791732788,-23.719831466674805,4
30.618249893188477,1.2417267560958862,-24.261552810668945,4
30.60057258605957,1.1419570446014404,-24.737394332885742,4
30.612056732177734,1.0565228462219238,-25.13276481628418,4
30.65245819091797,0.9936890006065369,-25.434364318847656,4
30.718385696411133,0.9610669612884521,-25.630897521972656,4
30.803808212280273,0.9649824500083923,-25.713300704956055,4
30.90056800842285,1.010033369064331,-25.675554275512695,4
30.999486923217773,1.098780632019043,-25.514835357666016,4
31.09090805053711,1.2315880060195923,-25.232065200805664,4
31.165935516357422,1.4067798852920532,-24.832420349121094,4
31.216720581054688,1.6208053827285767,-24.325624465942383,4
31.23703384399414,1.8687132596969604,-23.7260684967041,4
31.22238540649414,2.1447272300720215,-23.05185317993164,4
31.16966438293457,2.442852735519409,-22.323213577270508,4
31.07669448852539,2.757640838623047,-21.56081199645996,4
30.94161033630371,3.084583044052124,-20.78365135192871,4
30.762493133544922,3.4204413890838623,-20.0075626373291,4
30.536893844604492,3.7633697986602783,-19.24432945251465,4
30.262102127075195,4.112562656402588,-18.501365661621094,4
29.935302734375,4.468079090118408,-17.782262802124023,4
29.554122924804688,4.830246925354004,-17.087238311767578,4
29.117143630981445,5.1992082595825195,-16.414175033569336,4
28.62421989440918,5.574479103088379,-15.758990287780762,4
28.076629638671875,5.954562664031982,-15.116636276245117,4
27.477094650268555,6.336811542510986,-14.481855392456055,4
26.82959747314453,6.717416286468506,-13.850172996520996,4
26.138952255249023,7.091598033905029,-13.219249725341797,4
25.41066551208496,7.45387077331543,-12.589550018310547,4
24.65037727355957,7.798496723175049,-11.964731216430664,4
23.863475799560547,8.119916915893555,-11.350761413574219,4
23.054758071899414,8.413080215454102,-10.754671096801758,4
22.227996826171875,8.673791885375977,-10.18297004699707,4
21.38595199584961,8.898794174194336,-9.640743255615234,4
20.530359268188477,9.085707664489746,-9.130986213684082,4
19.662076950073242,9.233088493347168,-8.65478801727295,4
18.781383514404297,9.340174674987793,-8.211204528808594,4
17.888179779052734,9.40688705444336,-7.797715187072754,4
16.982398986816406,9.433643341064453,-7.410788536071777,4
16.0643367767334,9.421419143676758,-7.046806335449219,4
15.134917259216309,9.371670722961426,-6.702748775482178,4
14.195939064025879,9.286514282226562,-6.37677526473999,4
13.25013542175293,9.168758392333984,-6.0686259269714355,4
12.300889015197754,9.022126197814941,-5.779636383056641,4
11.351987838745117,8.851113319396973,-5.512381553649902,4
10.407270431518555,8.661054611206055,-5.2700982093811035,4
9.470099449157715,8.457810401916504,-5.0557990074157715,4
8.542977333068848,8.247638702392578,-4.871476173400879,4
7.627374649047852,8.036797523498535,-4.717270851135254,4
6.723622798919678,7.831167221069336,-4.591357231140137,4
5.83107852935791,7.6359968185424805,-4.489757061004639,4
4.948408126831055,7.455613136291504,-4.406765937805176,4
4.073788642883301,7.293297290802002,-4.3355488777160645,4
3.205336570739746,7.151271343231201,-4.268896102905273,4
2.3414371013641357,7.030713081359863,-4.20020866394043,4
1.4808638095855713,6.931828022003174,-4.124160289764404,4
0.6230558753013611,6.853988170623779,-4.03728723526001,4
-0.2317468523979187,6.795769691467285,-3.9380834102630615,4
-1.0823971033096313,6.755189418792725,-3.8270010948181152,4
-1.9269582033157349,6.72969913482666,-3.706294059753418,4
-2.7626709938049316,6.716414451599121,-3.579746961593628,4
-3.586127281188965,6.712283611297607,-3.4520840644836426,4
-4.3935465812683105,6.7142157554626465,-3.3283779621124268,4
-5.181009292602539,6.719271659851074,-3.213099479675293,4
-5.945002555847168,6.724743843078613,-3.10963773727417,4
-6.682593822479248,6.728227138519287,-3.019864320755005,4
-7.391660690307617,6.727593898773193,-2.944089412689209,4
-8.070878982543945,6.720855236053467,-2.8812153339385986,4
-8.719655990600586,6.706150531768799,-2.829040765762329,4
-9.337738990783691,6.681480884552002,-2.784616708755493,4
-9.924860954284668,6.644704341888428,-2.7446107864379883,4
-10.480182647705078,6.5934648513793945,-2.705639600753784,4
-11.001657485961914,6.5251007080078125,-2.6646065711975098,4
-11.485554695129395,6.436805248260498,-2.6191322803497314,4
-11.925875663757324,6.325684070587158,-2.568068742752075,4
-12.31417465209961,6.188866138458252,-2.5118906497955322,4
-12.639480590820312,6.023630619049072,-2.453364133834839,4
-12.888548851013184,5.827498435974121,-2.3976309299468994,5
-13.046602249145508,5.598382949829102,-2.3521888256073,5
-13.098210334777832,5.334599018096924,-2.326385498046875,5
-13.028422355651855,5.034990310668945,-2.3308064937591553,5
-12.824068069458008,4.699105739593506,-2.3763110637664795,5
-12.474700927734375,4.32735013961792,-2.4735517501831055,5
-11.97344970703125,3.92144775390625,-2.632495880126953,5
-11.317222595214844,3.484882354736328,-2.862541437149048,5
-10.506829261779785,3.0233142375946045,-3.1727685928344727,5
-9.54654312133789,2.5448098182678223,-3.571805953979492,5
-8.443760871887207,2.059858798980713,-4.067234039306641,5
-7.208431243896484,1.580836534500122,-4.664464473724365,5
-5.852636814117432,1.121220588684082,-5.36550235748291,5
-4.390096187591553,0.6947357654571533,-6.167055130004883,5
-2.835866689682007,0.3143722414970398,-7.05913782119751,5
-1.2060766220092773,-0.008321023546159267,-8.024419784545898,5
0.4825098514556885,-0.2637427747249603,-9.038735389709473,5
2.2128376960754395,-0.44468069076538086,-10.072829246520996,5
3.9680397510528564,-0.5464958548545837,-11.094664573669434,5
5.731947898864746,-0.5673362016677856,-12.072224617004395,5
7.489829063415527,-0.5084092020988464,-12.976529121398926,5
9.228806495666504,-0.37398287653923035,-13.783736228942871,5
10.937957763671875,-0.17111296951770782,-14.476521492004395,5
12.60824966430664,0.09075332432985306,-15.044469833374023,5
14.232388496398926,0.40016254782676697,-15.484115600585938,5
15.804616928100586,0.7442709803581238,-15.798762321472168,5
17.320541381835938,1.1094129085540771,-15.9977388381958,5
18.77680778503418,1.4818971157073975,-16.095430374145508,5
20.170669555664062,1.848725438117981,-16.109661102294922,5
21.499547958374023,2.1982929706573486,-16.060598373413086,5
22.760934829711914,2.5209436416625977,-15.969438552856445,5
23.95197868347168,2.8094193935394287,-15.857754707336426,5
25.069515228271484,3.0589964389801025,-15.746755599975586,5
26.110063552856445,3.267444133758545,-15.65601921081543,5
27.069873809814453,3.4347190856933594,-15.603203773498535,5
27.945178985595703,3.5624778270721436,-15.603139877319336,5
28.732402801513672,3.653520345687866,-15.667405128479004,5
29.42837905883789,3.7111616134643555,-15.803821563720703,5
30.030611038208008,3.7388036251068115,-16.01616096496582,5
30.537567138671875,3.7393581867218018,-16.304168701171875,5
30.949058532714844,3.7151098251342773,-16.66387176513672,5
31.266529083251953,3.6674439907073975,-17.088159561157227,5
31.49336051940918,3.5969467163085938,-17.567628860473633,5
31.635114669799805,3.5036697387695312,-18.09121322631836,5
31.699399948120117,3.387422561645508,-18.646841049194336,5
31.695714950561523,3.248394250869751,-19.221763610839844,5
31.63506317138672,3.087463617324829,-19.802919387817383,5
31.52934455871582,2.906776189804077,-20.3778076171875,5
31.39082145690918,2.709927558898926,-20.93502426147461,5
31.23145294189453,2.5020751953125,-21.46493911743164,5
31.06243324279785,2.2897067070007324,-21.960540771484375,5
30.893665313720703,2.0803191661834717,-22.417320251464844,5
30.733285903930664,1.8819057941436768,-22.83298683166504,5
30.58733558654785,1.7025281190872192,-23.206789016723633,5
30.459453582763672,1.5496395826339722,-23.538326263427734,5
30.350854873657227,1.4297646284103394,-23.826698303222656,5
30.26045036315918,1.3479984998703003,-24.069881439208984,5
30.185266494750977,1.307727575302124,-24.264366149902344,5
30.12078285217285,1.3104653358459473,-24.40506935119629,5
30.06149673461914,1.3559226989746094,-24.485517501831055,5
30.001264572143555,1.4421615600585938,-24.497968673706055,5
29.933809280395508,1.5659217834472656,-24.433929443359375,5
29.852874755859375,1.7230950593948364,-24.28474235534668,5
29.752365112304688,1.909239411354065,-24.042285919189453,5
29.626426696777344,2.1200368404388428,-23.700454711914062,5
29.469411849975586,2.3517611026763916,-23.255657196044922,5
29.275806427001953,2.6016311645507812,-22.707355499267578,5
29.040273666381836,2.8678791522979736,-22.05841827392578,5
28.7579345703125,3.14963436126709,-21.315574645996094,5
28.42483901977539,3.44663405418396,-20.490318298339844,5
28.038347244262695,3.758686065673828,-19.598918914794922,5
27.597566604614258,4.08517599105835,-18.66219711303711,5
27.10333251953125,4.42466402053833,-17.704021453857422,5
26.558040618896484,4.7745795249938965,-16.748760223388672,5
25.96500015258789,5.131350994110107,-15.81857967376709,5
25.328109741210938,5.490474700927734,-14.93100357055664,5
24.651193618774414,5.846907615661621,-14.097556114196777,5
23.937898635864258,6.1951775550842285,-13.323871612548828,5
23.19158172607422,6.5298171043396,-12.610515594482422,5
22.415498733520508,6.845539093017578,-11.954833030700684,5
21.612871170043945,7.1375532150268555,-11.352557182312012,5
20.78696060180664,7.401721477508545,-10.79899787902832,5
19.940956115722656,7.634686470031738,-10.289656639099121,5
19.077903747558594,7.833995819091797,-9.820453643798828,5
18.20060920715332,7.998059272766113,-9.38737964630127,5
17.31146240234375,8.1261625289917,-8.986677169799805,5
16.41266441345215,8.21841049194336,-8.615335464477539,5
15.506349563598633,8.275704383850098,-8.271729469299316,5
14.594796180725098,8.299628257751465,-7.955474853515625,5
13.680419921875,8.292423248291016,-7.666656970977783,5
12.765996932983398,8.25686264038086,-7.4051971435546875,5
11.854670524597168,8.19631290435791,-7.171164035797119,5
10.949958801269531,8.11458969116211,-6.964666843414307,5
10.055585861206055,8.015844345092773,-6.786004066467285,5
9.175167083740234,7.904501914978027,-6.635104656219482,5
8.31165885925293,7.785109519958496,-6.511218070983887,5
7.467118740081787,7.662007808685303,-6.412283897399902,5
6.642380237579346,7.539283275604248,-6.334808349609375,5
5.836993217468262,7.42044734954834,-6.273785591125488,5
5.049324989318848,7.308371543884277,-6.222893238067627,5
4.276902675628662,7.205151081085205,-6.174812316894531,5
3.516681671142578,7.112123966217041,-6.121664047241211,5
2.765456199645996,7.029968738555908,-6.055480003356934,5
2.020146131515503,6.958684921264648,-5.968677997589111,5
1.278090238571167,6.8978590965271,-5.854548454284668,5
0.5370853543281555,6.846705436706543,-5.707638263702393,5
-0.2044486552476883,6.804235935211182,-5.524138450622559,5
-0.9475078582763672,6.769263744354248,-5.302271366119385,5
-1.6923130750656128,6.740484714508057,-5.0425286293029785,5
-2.43826961517334,6.716470241546631,-4.747820854187012,5
-3.1839137077331543,6.695754528045654,-4.423441410064697,5
-3.9269561767578125,6.676856994628906,-4.0767316818237305,5
-4.664450645446777,6.658308506011963,-3.7166554927825928,5
-5.392994403839111,6.638768672943115,-3.353175163269043,5
-6.1090826988220215,6.617034912109375,-2.9966280460357666,5
-6.809366703033447,6.592042922973633,-2.657120943069458,5
-7.491032123565674,6.562831878662109,-2.343975067138672,5
-8.152036666870117,6.528512954711914,-2.065229892730713,5
-8.791152954101562,6.488208293914795,-1.827392578125,5
-9.408029556274414,6.440911293029785,-1.6350655555725098,5
-10.00293254852295,6.385456562042236,-1.4907855987548828,5
-10.576471328735352,6.320481777191162,-1.3948588371276855,5
-11.129186630249023,6.244359970092773,-1.3452610969543457,5
-11.661023139953613,6.155273914337158,-1.3378514051437378,5
-12.170735359191895,6.051297664642334,-1.3665181398391724,5
-12.655399322509766,5.930576324462891,-1.4237980842590332,5
-13.109973907470703,5.791433334350586,-1.5017088651657104,5
-13.526906967163086,5.632510662078857,-1.5926101207733154,5
-13.896221160888672,5.453057289123535,-1.6902269124984741,6
-14.20573616027832,5.252774238586426,-1.7901885509490967,6
-14.441744804382324,5.031916618347168,-1.8904285430908203,6
-14.589683532714844,4.791026592254639,-1.990983247756958,6
-14.635246276855469,4.530808448791504,-2.0939903259277344,6
-14.565200805664062,4.251889705657959,-2.20310640335083,6
-14.368285179138184,3.9547393321990967,-2.3234691619873047,6
-14.035711288452148,3.639655828475952,-2.461447238922119,6
-13.561543464660645,3.3070316314697266,-2.6250767707824707,6
-12.94250774383545,2.957768440246582,-2.824295997619629,6
-12.17758560180664,2.593740463256836,-3.0712687969207764,6
-11.267827033996582,2.2181851863861084,-3.3802874088287354,6
-10.215896606445312,1.8359239101409912,-3.7665247917175293,6
-9.026239395141602,1.4534327983856201,-4.24420166015625,6
-7.7052764892578125,1.0787407159805298,-4.824039459228516,6
-6.2616868019104,0.7210712432861328,-5.510699272155762,6
-4.7067389488220215,0.3903743624687195,-6.300715923309326,6
-3.054494619369507,0.0967157632112503,-7.181685447692871,6
-1.321455478668213,-0.15038608014583588,-8.132896423339844,6
0.473904550075531,-0.34247174859046936,-9.127406120300293,6
2.311908721923828,-0.4727465808391571,-10.134870529174805,6
4.172652244567871,-0.5364694595336914,-11.124107360839844,6
6.036751747131348,-0.5314169526100159,-12.06562328338623,6
7.885980129241943,-0.4580458700656891,-12.933621406555176,6
9.703892707824707,-0.3195250332355499,-13.707476615905762,6
11.476204872131348,-0.12161697447299957,-14.372843742370605,6
13.191123962402344,0.1275135725736618,-14.922266006469727,6
14.839439392089844,0.4177406132221222,-15.355366706848145,6
16.414386749267578,0.737473726272583,-15.678436279296875,6
17.911388397216797,1.0743011236190796,-15.903250694274902,6
19.327526092529297,1.415673851966858,-16.045833587646484,6
20.66091537475586,1.749651551246643,-16.12460708618164,6
21.91022491455078,2.0655505657196045,-16.158784866333008,6
23.074132919311523,2.354506492614746,-16.166934967041016,6
24.151042938232422,2.6098594665527344,-16.16596221923828,6
25.139049530029297,2.8274240493774414,-16.170351028442383,6
26.035818099975586,3.0053422451019287,-16.191925048828125,6
26.839014053344727,3.1439402103424072,-16.23957061767578,6
27.546419143676758,3.245147466659546,-16.31966209411621,6
28.15627098083496,3.3120486736297607,-16.43642234802246,6
28.667585372924805,3.348325729370117,-16.592010498046875,6
29.080455780029297,3.3577895164489746,-16.786951065063477,6
29.396516799926758,3.3438711166381836,-17.020797729492188,6
29.619155883789062,3.3094890117645264,-17.292728424072266,6
29.7539119720459,3.256706714630127,-17.60207748413086,6
29.808734893798828,3.1868810653686523,-17.948760986328125,6
29.793821334838867,3.1007580757141113,-18.333602905273438,6
29.72153663635254,2.998800754547119,-18.7575740814209,6
29.605772018432617,2.88165545463562,-19.220882415771484,6
29.461246490478516,2.7506892681121826,-19.72165870666504,6
29.302614212036133,2.6082875728607178,-20.25490379333496,6
29.143720626831055,2.458082675933838,-20.812177658081055,6
28.996829986572266,2.3049733638763428,-21.382051467895508,6
28.872087478637695,2.154811143875122,-21.950780868530273,6
28.77718162536621,2.013913869857788,-22.50321388244629,6
28.716875076293945,1.8887301683425903,-23.023574829101562,6
28.692920684814453,1.78518807888031,-23.495840072631836,6
28.70382308959961,1.7084521055221558,-23.90396499633789,6
28.74506950378418,1.6626698970794678,-24.232324600219727,6
28.809396743774414,1.6507929563522339,-24.465980529785156,6
28.887678146362305,1.674432635307312,-24.59150505065918,6
28.96952247619629,1.7339770793914795,-24.597923278808594,6
29.044408798217773,1.828489899635315,-24.477582931518555,6
29.102500915527344,1.9558929204940796,-24.22740364074707,6
29.135568618774414,2.1130871772766113,-23.849178314208984,6
29.137374877929688,2.2961909770965576,-23.35032081604004,6
29.104122161865234,2.500826835632324,-22.743789672851562,6
29.034156799316406,2.7225780487060547,-22.047222137451172,6
28.927473068237305,2.9572930335998535,-21.281679153442383,6
28.784624099731445,3.201751947402954,-20.469633102416992,6
28.605979919433594,3.4539337158203125,-19.63280487060547,6
28.3907470703125,3.7132673263549805,-18.79060935974121,6
28.136707305908203,3.9805800914764404,-17.95943260192871,6
27.840471267700195,4.257734775543213,-17.1527042388916,6
27.497966766357422,4.547100067138672,-16.381343841552734,6
27.105329513549805,4.850887298583984,-15.653532028198242,6
26.659679412841797,5.170477390289307,-14.974465370178223,6
26.15970802307129,5.505792140960693,-14.34592056274414,6
25.606191635131836,5.854920864105225,-13.766302108764648,6
25.001991271972656,6.21407413482666,-13.231249809265137,6
24.35184097290039,6.57778263092041,-12.733991622924805,6
23.66170883178711,6.939307689666748,-12.266416549682617,6
22.93825340270996,7.291449069976807,-11.819954872131348,6
22.188093185424805,7.627039909362793,-11.386704444885254,6
21.41733741760254,7.939606666564941,-10.960296630859375,6
20.631179809570312,8.223843574523926,-10.53687858581543,6
19.83367156982422,8.475788116455078,-10.115100860595703,6
19.027767181396484,8.693053245544434,-9.695901870727539,6
18.21526336669922,8.874588966369629,-9.281905174255371,6
17.397123336791992,9.020524978637695,-8.87655258178711,6
16.573671340942383,9.1318998336792,-8.483351707458496,6
15.744902610778809,9.210199356079102,-8.10537052154541,6
14.910802841186523,9.25716495513916,-7.74480676651001,6
14.07159423828125,9.274409294128418,-7.403063774108887,6
13.227998733520508,9.263387680053711,-7.080752372741699,6
12.381333351135254,9.22531509399414,-6.777949810028076,6
11.533379554748535,9.161270141601562,-6.494569301605225,6
10.686373710632324,9.072486877441406,-6.230411052703857,6
9.842560768127441,8.960472106933594,-5.985213756561279,6
9.003860473632812,8.827359199523926,-5.758466720581055,6
8.171626091003418,8.675983428955078,-5.54893684387207,6
7.346229553222656,8.51004695892334,-5.354467868804932,6
6.527133941650391,8.333849906921387,-5.171708106994629,6
5.712888240814209,8.152288436889648,-4.996164798736572,6
4.901483058929443,7.970377445220947,-4.822303295135498,6
4.090574741363525,7.792983531951904,-4.6439595222473145,6
3.277756690979004,7.624529838562012,-4.455077648162842,6
2.4610278606414795,7.468679428100586,-4.250344276428223,6
1.6390461921691895,7.328185081481934,-4.026050090789795,6
0.8112742900848389,7.2048821449279785,-3.7809152603149414,6
-0.0217581856995821,7.099661350250244,-3.5164694786071777,6
-0.8584499359130859,7.012557029724121,-3.2371437549591064,6
-1.696276068687439,6.942887783050537,-2.9500975608825684,6
-2.5316665172576904,6.889439582824707,-2.6646311283111572,6
-3.3602898120880127,6.850569248199463,-2.3914668560028076,6
-4.177131652832031,6.8244733810424805,-2.141787528991699,6
-4.976809024810791,6.809169292449951,-1.9261325597763062,6
-5.753807067871094,6.8027753829956055,-1.753265380859375,6
-6.5029473304748535,6.803409099578857,-1.629307508468628,6
-7.219764232635498,6.809295654296875,-1.5571285486221313,6
-7.90083646774292,6.818661689758301,-1.536091685295105,6
-8.544114112854004,6.829732418060303,-1.5622962713241577,6
-9.149022102355957,6.840540885925293,-1.6290433406829834,6
-9.716493606567383,6.848944664001465,-1.7275917530059814,6
-10.248730659484863,6.8525004386901855,-1.8477048873901367,6
-10.748880386352539,6.848548412322998,-1.9783226251602173,6
-11.2205171585083,6.834065914154053,-2.108243227005005,6
-11.666976928710938,6.8059587478637695,-2.226792573928833,6
-12.090593338012695,6.761051654815674,-2.324481964111328,6
-12.491951942443848,6.696351528167725,-2.393707036972046,6
-12.869305610656738,6.609184265136719,-2.4294002056121826,6
-13.218106269836426,6.497350692749023,-2.429525852203369,7
-13.530771255493164,6.3592376708984375,-2.395620822906494,7
-13.796722412109375,6.193765163421631,-2.332827091217041,7
-14.002790451049805,6.00032901763916,-2.2499613761901855,7
-14.133883476257324,5.77862548828125,-2.1589767932891846,7
-14.173911094665527,5.528528213500977,-2.0743038654327393,7
-14.106839179992676,5.24987268447876,-2.0120208263397217,7
-13.917881965637207,4.942345142364502,-1.988977074623108,7
-13.59434986114502,4.605570316314697,-2.021713972091675,7
-13.126415252685547,4.239308834075928,-2.126023530960083,7
-12.507345199584961,3.843874216079712,-2.316507577896118,7
-11.733736038208008,3.420642375946045,-2.6062445640563965,7
-10.805618286132812,2.9726452827453613,-3.00581955909729,7
-9.726598739624023,2.504941463470459,-3.5219478607177734,7
-8.503771781921387,2.024843692779541,-4.156420707702637,7
-7.147310733795166,1.541738510131836,-4.905576229095459,7
-5.670047760009766,1.0667401552200317,-5.760425090789795,7
-4.086913108825684,0.6120420694351196,-6.707255840301514,7
-2.414346933364868,0.19019201397895813,-7.728550910949707,7
-0.669823408126831,-0.18651600182056427,-8.803826332092285,7
1.1287353038787842,-0.5069105625152588,-9.910231590270996,7
2.9632463455200195,-0.7614414095878601,-11.023394584655762,7
4.8160529136657715,-0.9428346157073975,-12.118144989013672,7
6.670387268066406,-1.0465316772460938,-13.169276237487793,7
8.510538101196289,-1.070953369140625,-14.1526460647583,7
10.322344779968262,-1.017594575881958,-15.046048164367676,7
12.093450546264648,-0.8910640478134155,-15.8303804397583,7
13.813383102416992,-0.6987916827201843,-16.490921020507812,7
15.47378158569336,-0.45059943199157715,-17.018264770507812,7
17.068235397338867,-0.15834757685661316,-17.409278869628906,7
18.592161178588867,0.16487649083137512,-17.6673583984375,7
20.04243278503418,0.5054364800453186,-17.802473068237305,7
21.417057037353516,0.8499024510383606,-17.830455780029297,7
22.71470832824707,1.1858551502227783,-17.77208137512207,7
23.934282302856445,1.50258207321167,-17.651453018188477,7
25.074481964111328,1.79146146774292,-17.494428634643555,7
26.13347816467285,2.0464837551116943,-17.32683563232422,7
27.10886573791504,2.2640976905822754,-17.172801971435547,7
27.997631072998047,2.443174362182617,-17.05333137512207,7
28.79655647277832,2.584446668624878,-16.985803604125977,7
29.502561569213867,2.6899783611297607,-16.983625411987305,7
30.113351821899414,2.7624588012695312,-17.056396484375,7
30.627798080444336,2.8048503398895264,-17.210067749023438,7
31.046348571777344,2.8198771476745605,-17.446752548217773,7
31.371349334716797,2.809828758239746,-17.76506996154785,7
31.6071720123291,2.776587963104248,-18.160438537597656,7
31.760393142700195,2.7216315269470215,-18.624961853027344,7
31.839487075805664,2.6462934017181396,-19.147674560546875,7
31.854555130004883,2.5521810054779053,-19.714937210083008,7
31.8168888092041,2.4413697719573975,-20.31041145324707,7
31.73838233947754,2.3168444633483887,-20.916000366210938,7
31.630985260009766,2.1825785636901855,-21.512590408325195,7
31.506174087524414,2.043588161468506,-22.081396102905273,7
31.374420166015625,1.9057501554489136,-22.605005264282227,7
31.244731903076172,1.7754524946212769,-23.068538665771484,7
31.124202728271484,1.659233570098877,-23.46001625061035,7
31.017648696899414,1.563359260559082,-23.770427703857422,7
30.92720603942871,1.4934306144714355,-23.993444442749023,7
30.85245704650879,1.4540326595306396,-24.12468719482422,7
30.790369033813477,1.4485254287719727,-24.161874771118164,7
30.735807418823242,1.478909969329834,-24.10451889038086,7
30.6822452545166,1.5457634925842285,-23.954357147216797,7
30.622425079345703,1.6483162641525269,-23.715656280517578,7
30.549283981323242,1.7845137119293213,-23.39572525024414,7
30.456653594970703,1.9512932300567627,-23.0048885345459,7
30.339689254760742,2.1447830200195312,-22.556316375732422,7
30.19503402709961,2.3608081340789795,-22.064943313598633,7
30.020666122436523,2.5953075885772705,-21.546001434326172,7
29.815410614013672,2.8448076248168945,-21.013044357299805,7
29.57829475402832,3.106865167617798,-20.47634506225586,7
29.307939529418945,3.3803088665008545,-19.941287994384766,7
29.002185821533203,3.6650798320770264,-19.407907485961914,7
28.658151626586914,3.9621269702911377,-18.871950149536133,7
28.272525787353516,4.272692680358887,-18.32642364501953,7
27.842235565185547,4.597774505615234,-17.76392936706543,7
27.365079879760742,4.937397003173828,-17.178850173950195,7
26.840248107910156,5.290130615234375,-16.56871223449707,7
26.268552780151367,5.652853012084961,-15.93474292755127,7
25.65226936340332,6.020726203918457,-15.281264305114746,7
24.99474334716797,6.387620449066162,-14.614904403686523,7
24.300079345703125,6.7465410232543945,-13.9439058303833,7
23.57260513305664,7.090323448181152,-13.277191162109375,7
22.816423416137695,7.41220235824585,-12.623860359191895,7
22.0352725982666,7.706441879272461,-11.992177963256836,7
21.23234748840332,7.968786716461182,-11.389219284057617,7
20.41021156311035,8.19671630859375,-10.820143699645996,7
19.570829391479492,8.389290809631348,-10.287915229797363,7
18.715518951416016,8.547136306762695,-9.793259620666504,7
17.8450870513916,8.67182445526123,-9.334596633911133,7
16.959835052490234,8.765586853027344,-8.908387184143066,7
16.05948829650879,8.83080005645752,-8.50944709777832,7
15.143674850463867,8.869758605957031,-8.131499290466309,7
14.212081909179688,8.884349822998047,-7.768110752105713,7
13.264974594116211,8.876093864440918,-7.413705825805664,7
12.303515434265137,8.846238136291504,-7.064579486846924,7
11.32994556427002,8.795876502990723,-6.719641208648682,7
10.347646713256836,8.726247787475586,-6.380467891693115,7
9.360747337341309,8.638949394226074,-6.051066875457764,7
8.373722076416016,8.536049842834473,-5.736787796020508,7
7.3907694816589355,8.420201301574707,-5.443166732788086,7
6.415339469909668,8.294588088989258,-5.174711227416992,7
5.449904918670654,8.162680625915527,-4.934201717376709,7
4.495912551879883,8.028076171875,-4.722290992736816,7
3.5539753437042236,7.89424467086792,-4.537678241729736,7
2.624255895614624,7.764362812042236,-4.37738037109375,7
1.7067495584487915,7.641090393066406,-4.237359046936035,7
0.8016715049743652,7.526603698730469,-4.113107681274414,7
-0.09028683602809906,7.42242956161499,-4.000251770019531,7
-0.9678542613983154,7.329615116119385,-3.8950631618499756,7
-1.829277753829956,7.248620986938477,-3.7947540283203125,7
-2.6723220348358154,7.179443836212158,-3.697310209274292,7
-3.494551658630371,7.121650218963623,-3.6014225482940674,7
-4.293450355529785,7.0744829177856445,-3.5062007904052734,7
-5.066736221313477,7.0368971824646,-3.411132335662842,7
-5.812380313873291,7.007659912109375,-3.3159449100494385,7
-6.5288310050964355,6.9853973388671875,-3.2206876277923584,7
-7.215001106262207,6.968625545501709,-3.1258769035339355,7
-7.870395183563232,6.955812931060791,-3.0327160358428955,7
-8.495108604431152,6.945338726043701,-2.943112850189209,7
-9.089872360229492,6.935554504394531,-2.859650135040283,7
-9.656075477600098,6.924688339233398,-2.78532075881958,7
-10.195789337158203,6.910874366760254,-2.7232091426849365,7
-10.71164321899414,6.892044544219971,-2.6761372089385986,7
-11.206642150878906,6.865899562835693,-2.6463611125946045,7
-11.683952331542969,6.829852104187012,-2.63525128364563,7
-12.146472930908203,6.781160831451416,-2.6432297229766846,7
-12.59636116027832,6.716920852661133,-2.669832229614258,7
-13.03449821472168,6.63431453704834,-2.713836193084717,7
-13.45989990234375,6.530818462371826,-2.7736737728118896,7
-13.869390487670898,6.404396057128906,-2.8478219509124756,7
-14.25706958770752,6.253592491149902,-2.9351799488067627,8
-14.614248275756836,6.077785968780518,-3.035414934158325,8
-14.929413795471191,5.877043724060059,-3.149137496948242,8
-15.188751220703125,5.652087688446045,-3.277824878692627,8
-15.376635551452637,5.404082775115967,-3.4235126972198486,8
-15.476662635803223,5.134463787078857,-3.5883243083953857,8
-15.472759246826172,4.844586372375488,-3.7739899158477783,8
-15.35019302368164,4.535564422607422,-3.981344699859619,8
-15.096586227416992,4.208128452301025,-4.210413455963135,8
-14.702773094177246,3.862525224685669,-4.460916996002197,8
-14.163063049316406,3.4988367557525635,-4.732884883880615,8
-13.47553539276123,3.117488145828247,-5.02710485458374,8
-12.641786575317383,2.719733238220215,-5.345329284667969,8
-11.666603088378906,2.3085591793060303,-5.689926624298096,8
-10.5573148727417,1.8890057802200317,-6.063807964324951,8
-9.323163986206055,1.4682624340057373,-6.470287322998047,8
-7.974560737609863,1.0555148124694824,-6.912957191467285,8
-6.522571086883545,0.6612815856933594,-7.395541667938232,8
-4.978580474853516,0.2968027889728546,-7.9214324951171875,8
-3.3542661666870117,-0.026758942753076553,-8.49308967590332,8
-1.6616722345352173,-0.2989944517612457,-9.111234664916992,8
0.08672864735126495,-0.5110339522361755,-9.774046897888184,8
1.8778945207595825,-0.6559460163116455,-10.476387023925781,8
3.698143243789673,-0.7293558120727539,-11.20923137664795,8
5.533343315124512,-0.7296363711357117,-11.9592924118042,8
7.368938446044922,-0.6580765247344971,-12.709388732910156,8
9.190476417541504,-0.5187806487083435,-13.439154624938965,8
10.983959197998047,-0.3185376822948456,-14.126620292663574,8
12.736336708068848,-0.06633764505386353,-14.75025463104248,8
14.435855865478516,0.2269916832447052,-15.29090690612793,8
16.072458267211914,0.5494145750999451,-15.733813285827637,8
17.637731552124023,0.8883709907531738,-16.070053100585938,8
19.125146865844727,1.231574296951294,-16.29754066467285,8
20.529773712158203,1.567662000656128,-16.421186447143555,8
21.847972869873047,1.8868348598480225,-16.452571868896484,8
23.077251434326172,2.181492328643799,-16.40898895263672,8
24.215787887573242,2.446345329284668,-16.311824798583984,8
25.262432098388672,2.6785738468170166,-16.18500328063965,8
26.216310501098633,2.877509593963623,-16.053661346435547,8
27.076997756958008,3.0441625118255615,-15.942375183105469,8
27.844409942626953,3.1806535720825195,-15.87414836883545,8
28.51889419555664,3.289598226547241,-15.868769645690918,8
29.10128402709961,3.373666286468506,-15.942107200622559,8
29.59318733215332,3.4351208209991455,-16.104970932006836,8
29.9973201751709,3.4756155014038086,-16.36308479309082,8
30.317516326904297,3.4960715770721436,-16.716533660888672,8
30.559017181396484,3.496788740158081,-17.160276412963867,8
30.728351593017578,3.4777016639709473,-17.684005737304688,8
30.833250045776367,3.4388489723205566,-18.27279281616211,8
30.882417678833008,3.3807132244110107,-18.907609939575195,8
30.8850154876709,3.3047571182250977,-19.566415786743164,8
30.850431442260742,3.2135910987854004,-20.2252254486084,8
30.787832260131836,3.111163854598999,-20.859830856323242,8
30.705671310424805,3.0025577545166016,-21.44727325439453,8
30.61159324645996,2.8937270641326904,-21.967439651489258,8
30.512060165405273,2.79105806350708,-22.404329299926758,8
30.412260055541992,2.7008461952209473,-22.746479034423828,8
30.315828323364258,2.6288886070251465,-22.987091064453125,8
30.224700927734375,2.580190658569336,-23.123443603515625,8
30.139251708984375,2.5585596561431885,-23.156217575073242,8
30.058391571044922,2.5664899349212646,-23.089279174804688,8
29.980079650878906,2.604983329772949,-22.9290714263916,8
29.90163230895996,2.6736388206481934,-22.68486785888672,8
29.8203182220459,2.770606756210327,-22.368234634399414,8
29.733545303344727,2.892885684967041,-21.992876052856445,8
29.639070510864258,3.036628246307373,-21.574045181274414,8
29.534786224365234,3.197563409805298,-21.12761688232422,8
29.418474197387695,3.371518135070801,-20.668781280517578,8
29.287139892578125,3.555034875869751,-20.210315704345703,8
29.13663673400879,3.745712995529175,-19.76081085205078,8
28.961217880249023,3.9426331520080566,-19.3233642578125,8
28.75361442565918,4.146256923675537,-18.894853591918945,8
28.5054931640625,4.358232498168945,-18.466617584228516,8
28.2082462310791,4.580752372741699,-18.02633285522461,8
27.854116439819336,4.815896511077881,-17.561298370361328,8
27.437414169311523,5.064742565155029,-17.061555862426758,8
26.955209732055664,5.3267598152160645,-16.52193832397461,8
26.407691955566406,5.599602222442627,-15.942839622497559,8
25.797868728637695,5.879067420959473,-15.329622268676758,8
25.131032943725586,6.15965461730957,-14.691405296325684,8
24.413982391357422,6.435205459594727,-14.039889335632324,8
23.654253005981445,6.699573993682861,-13.388297080993652,8
22.859418869018555,6.947306156158447,-12.75022029876709,8
22.03660011291504,7.174044609069824,-12.138561248779297,8
21.192035675048828,7.376821041107178,-11.564635276794434,8
20.331024169921875,7.554008960723877,-11.037352561950684,8
19.45781135559082,7.705151081085205,-10.562477111816406,8
18.57567024230957,7.830731391906738,-10.142561912536621,8
17.686933517456055,7.931777477264404,-9.776403427124023,8
16.793094635009766,8.00977611541748,-9.459329605102539,8
15.895071029663086,8.066418647766113,-9.183198928833008,8
14.993380546569824,8.10351848602295,-8.93729019165039,8
14.08867073059082,8.12297248840332,-8.709403991699219,8
13.182086944580078,8.126740455627441,-8.487982749938965,8
12.275785446166992,8.116862297058105,-8.264018058776855,8
11.372894287109375,8.095401763916016,-8.031853675842285,8
10.47741413116455,8.064626693725586,-7.788609027862549,8
9.593708038330078,8.026870727539062,-7.5338521003723145,8
8.726090431213379,7.984554290771484,-7.269525051116943,8
7.8783159255981445,7.940006256103516,-6.999618053436279,8
7.053023815155029,7.8952956199646,-6.72957181930542,8
6.251364231109619,7.852184295654297,-6.465444564819336,8
5.472792625427246,7.811997890472412,-6.2132062911987305,8
4.715031623840332,7.775567531585693,-5.977662086486816,8
3.974376916885376,7.743233680725098,-5.761351585388184,8
3.245879650115967,7.714883804321289,-5.563822269439697,8
2.523919105529785,7.69014835357666,-5.381311893463135,8
1.8027511835098267,7.668388366699219,-5.2071967124938965,8
1.0771145820617676,7.648894786834717,-5.0332417488098145,8
0.3428654372692108,7.6310014724731445,-4.851232528686523,8
-0.40262216329574585,7.6141180992126465,-4.654922008514404,8
-1.1600010395050049,7.597809314727783,-4.441298961639404,8
-1.9279754161834717,7.581748962402344,-4.2113189697265625,8
-2.7033557891845703,7.565786838531494,-3.9697861671447754,8
-3.4814021587371826,7.549899101257324,-3.724675416946411,8
-4.256314754486084,7.534102439880371,-3.485985279083252,8
-5.021849155426025,7.518448352813721,-3.2642881870269775,8
-5.771838665008545,7.502937316894531,-3.0692520141601562,8
-6.50091552734375,7.48740291595459,-2.9085135459899902,8
-7.20479679107666,7.4713945388793945,-2.786970853805542,8
-7.880737781524658,7.454206466674805,-2.706523895263672,8
-8.527530670166016,7.434660911560059,-2.6662180423736572,8
-9.14545726776123,7.411229133605957,-2.6627461910247803,8
-9.736105918884277,7.381933689117432,-2.691190481185913,8
-10.302007675170898,7.344366550445557,-2.7457127571105957,8
-10.846199989318848,7.295854568481445,-2.820004463195801,8
-11.371894836425781,7.233487129211426,-2.9073593616485596,8
-11.881916999816895,7.154364109039307,-3.0006496906280518,8
-12.378398895263672,7.055628299713135,-3.0922083854675293,8
-12.862249374389648,6.934779644012451,-3.173842430114746,8
-13.332804679870605,6.78973913192749,-3.2372677326202393,8
-13.787278175354004,6.619095325469971,-3.2745585441589355,9
-14.220634460449219,6.422182083129883,-3.2791924476623535,9
-14.625212669372559,6.199203014373779,-3.2469873428344727,9
-14.990842819213867,5.951195240020752,-3.1771552562713623,9
-15.304883003234863,5.679948329925537,-3.0731232166290283,9
-15.5526123046875,5.387745380401611,-2.9430434703826904,9
-15.717866897583008,5.077123641967773,-2.79976749420166,9
-15.783829689025879,4.750563144683838,-2.6601555347442627,9
-15.734044075012207,4.410151958465576,-2.543891668319702,9
-15.553512573242188,4.057347297668457,-2.4716739654541016,9
-15.229841232299805,3.693040609359741,-2.463460922241211,9
-14.753739356994629,3.31760835647583,-2.5370967388153076,9
-14.119658470153809,2.931506633758545,-2.7067477703094482,9
-13.325891494750977,2.5357589721679688,-2.981818437576294,9
-12.374585151672363,2.1326799392700195,-3.366056442260742,9
-11.271430969238281,1.726311445236206,-3.857577323913574,9
-10.025115966796875,1.322688102722168,-4.449256896972656,9
-8.646721839904785,0.9297012090682983,-5.1299333572387695,9
-7.148972034454346,0.5567167401313782,-5.885449409484863,9
-5.545792579650879,0.21395094692707062,-6.699870586395264,9
-3.8519909381866455,-0.0882684513926506,-7.556662559509277,9
-2.082979917526245,-0.34018903970718384,-8.439626693725586,9
-0.254667192697525,-0.5332938432693481,-9.333196640014648,9
1.6166279315948486,-0.6609251499176025,-10.222414016723633,9
3.514483690261841,-0.7187403440475464,-11.092283248901367,9
5.422395706176758,-0.7050047516822815,-11.927379608154297,9
7.324100017547607,-0.6208589673042297,-12.711552619934082,9
9.203839302062988,-0.4703010618686676,-13.428373336791992,9
11.04677963256836,-0.2600555121898651,-14.061938285827637,9
12.839395523071289,7.166456780396402E-4,-14.598237991333008,9
14.569872856140137,0.3007325232028961,-15.026788711547852,9
16.228492736816406,0.6273128986358643,-15.341948509216309,9
17.80752182006836,0.9670684337615967,-15.543497085571289,9
19.300947189331055,1.3068040609359741,-15.636444091796875,9
20.70416259765625,1.6343964338302612,-15.630590438842773,9
22.013593673706055,1.9394201040267944,-15.540077209472656,9
23.2265625,2.2137367725372314,-15.382659912109375,9
24.34112548828125,2.451655387878418,-15.179096221923828,9
25.35596466064453,2.650043487548828,-14.952566146850586,9
26.270484924316406,2.807969808578491,-14.72790241241455,9
27.084880828857422,2.9263906478881836,-14.53063678741455,9
27.800010681152344,3.007629632949829,-14.3858060836792,9
28.417360305786133,3.0549204349517822,-14.316424369812012,9
28.939067840576172,3.071962356567383,-14.341787338256836,9
29.367828369140625,3.0623953342437744,-14.476157188415527,9
29.707183837890625,3.029547929763794,-14.72812271118164,9
29.96157455444336,2.976151943206787,-15.100120544433594,9
30.136781692504883,2.9042019844055176,-15.588178634643555,9
30.239866256713867,2.8151748180389404,-16.182132720947266,9
30.27931785583496,2.710268020629883,-16.866016387939453,9
30.26479721069336,2.590745687484741,-17.61863136291504,9
30.20690155029297,2.4583563804626465,-18.41462516784668,9
30.116708755493164,2.315697193145752,-19.22609519958496,9
30.005477905273438,2.166393280029297,-20.024377822875977,9
29.884126663208008,2.015062093734741,-20.781930923461914,9
29.762828826904297,1.8671574592590332,-21.474018096923828,9
29.650575637817383,1.728621482849121,-22.079591751098633,9
29.554529190063477,1.6055923700332642,-22.581777572631836,9
29.479534149169922,1.5039862394332886,-22.9676570892334,9
29.42795181274414,1.4292163848876953,-23.227909088134766,9
29.399364471435547,1.3859416246414185,-23.35686683654785,9
29.39105796813965,1.3777194023132324,-23.352441787719727,9
29.398466110229492,1.4069222211837769,-23.21678352355957,9
29.415868759155273,1.474519968032837,-22.956497192382812,9
29.437171936035156,1.5802334547042847,-22.583452224731445,9
29.456499099731445,1.7225360870361328,-22.11471939086914,9
29.46872901916504,1.8989514112472534,-21.572622299194336,9
29.469512939453125,2.106480836868286,-20.983169555664062,9
29.45528221130371,2.3419787883758545,-20.373462677001953,9
29.422395706176758,2.6026487350463867,-19.76828956604004,9
29.36676025390625,2.8863275051116943,-19.187074661254883,9
29.283193588256836,3.191678285598755,-18.641681671142578,9
29.16535186767578,3.5180623531341553,-18.135549545288086,9
29.005910873413086,3.865173816680908,-17.664384841918945,9
28.796993255615234,4.232676982879639,-17.217823028564453,9
28.531143188476562,4.619588851928711,-16.781801223754883,9
28.202205657958984,5.023855686187744,-16.340925216674805,9
27.80607032775879,5.441983222961426,-15.880461692810059,9
27.341279983520508,5.868984222412109,-15.388301849365234,9
26.80924415588379,6.298548698425293,-14.855854034423828,9
26.21407127380371,6.723420143127441,-14.279106140136719,9
25.562294006347656,7.135866641998291,-13.659125328063965,9
24.862295150756836,7.528395175933838,-13.00252914428711,9
24.123464584350586,7.8941473960876465,-12.320966720581055,9
23.355587005615234,8.227511405944824,-11.63007926940918,9
22.56782341003418,8.524283409118652,-10.947174072265625,9
21.768184661865234,8.781830787658691,-10.289093017578125,9
20.96306800842285,8.998889923095703,-9.670389175415039,9
20.157072067260742,9.175299644470215,-9.102051734924316,9
19.352869033813477,9.311713218688965,-8.590840339660645,9
18.55129623413086,9.40935230255127,-8.138923645019531,9
17.751644134521484,9.469691276550293,-7.744200706481934,9
16.95210838317871,9.494401931762695,-7.401307582855225,9
16.150320053100586,9.485225677490234,-7.102786064147949,9
15.34377384185791,9.444024085998535,-6.840403079986572,9
14.530403137207031,9.37282657623291,-6.606287956237793,9
13.708856582641602,9.273929595947266,-6.393807888031006,9
12.878717422485352,9.149984359741211,-6.1981282234191895,9
12.04035472869873,9.003983497619629,-6.016340732574463,9
11.194968223571777,8.839346885681152,-5.8474202156066895,9
10.344202995300293,8.659836769104004,-5.691543102264404,9
9.489852905273438,8.469429016113281,-5.549594879150391,9
8.63357925415039,8.272321701049805,-5.422332763671875,9
7.776578426361084,8.072708129882812,-5.309729099273682,9
6.919505596160889,7.8747076988220215,-5.210351943969727,9
6.0625,7.6821980476379395,-5.121142864227295,9
5.205252170562744,7.498769760131836,-5.03781795501709,9
4.347413063049316,7.327447414398193,-4.955092906951904,9
3.4885594844818115,7.170720100402832,-4.86732816696167,9
2.6285760402679443,7.030391216278076,-4.76890230178833,9
1.767665147781372,6.907561302185059,-4.654865264892578,9
0.9064477682113647,6.802639007568359,-4.5216217041015625,9
0.0460951067507267,6.715401649475098,-4.3673858642578125,9
-0.8117130994796753,6.645037651062012,-4.1924967765808105,9
-1.6646888256072998,6.590242385864258,-3.999335765838623,9
-2.510023832321167,6.549351692199707,-3.7920899391174316,9
-3.344499349594116,6.520323276519775,-3.5762851238250732,9
-4.164565086364746,6.50101375579834,-3.3580307960510254,9
-4.966611862182617,6.48920202255249,-3.1434619426727295,9
-5.747171878814697,6.482691287994385,-2.938150644302368,9
-6.5031208992004395,6.479321479797363,-2.746792793273926,9
-7.231860637664795,6.477126598358154,-2.5731585025787354,9
-7.931572437286377,6.474251747131348,-2.420255661010742,9
-8.601191520690918,6.468920707702637,-2.290464162826538,9
-9.240589141845703,6.4593939781188965,-2.1859049797058105,9
-9.850500106811523,6.443944931030273,-2.108407974243164,9
-10.432411193847656,6.420770168304443,-2.059568166732788,9
-10.988578796386719,6.387979030609131,-2.040492296218872,9
-11.521622657775879,6.343486309051514,-2.0516247749328613,9
-12.03426456451416,6.285089015960693,-2.0923593044281006,9
-12.528931617736816,6.210551738739014,-2.1608002185821533,9
-13.007267951965332,6.117547512054443,-2.253791570663452,9
-13.469508171081543,6.003973484039307,-2.3669142723083496,9
-13.91401195526123,5.867973327636719,-2.4948339462280273,10
-14.3366117477417,5.7082343101501465,-2.6317532062530518,10
-14.730379104614258,5.5239973068237305,-2.7721519470214844,10
-15.085265159606934,5.315239906311035,-2.9113080501556396,10
-15.38830852508545,5.0825982093811035,-3.0460989475250244,10
-15.62392807006836,4.827296733856201,-3.175325632095337,10
-15.77486801147461,4.550954818725586,-3.29990291595459,10
-15.823102951049805,4.25540828704834,-3.4224915504455566,10
-15.751097679138184,3.942467212677002,-3.5470685958862305,10
-15.543185234069824,3.613696336746216,-3.6783454418182373,10
-15.186491966247559,3.2705984115600586,-3.821197509765625,10
-14.671769142150879,2.9147651195526123,-3.9804868698120117,10
-13.993814468383789,2.548248291015625,-4.1617045402526855,10
-13.151498794555664,2.1739866733551025,-4.37092924118042,10
-12.147869110107422,1.796138048171997,-4.615069389343262,10
-10.9899320602417,1.4202133417129517,-4.901824951171875,10
-9.6880521774292,1.0531113147735596,-5.239315509796143,10
-8.255423545837402,0.7028992176055908,-5.636215686798096,10
-6.707152366638184,0.37836700677871704,-6.10112190246582,10
-5.059747219085693,0.08848236501216888,-6.641833305358887,10
-3.3305113315582275,-0.15825995802879333,-7.264215469360352,10
-1.5371462106704712,-0.3544093370437622,-7.970608711242676,10
0.3024836778640747,-0.4939989149570465,-8.757962226867676,10
2.170562505722046,-0.5730736255645752,-9.615955352783203,10
4.049350261688232,-0.5897815823554993,-10.526017189025879,10
5.921558380126953,-0.5446091890335083,-11.461459159851074,10
7.770718097686768,-0.44019460678100586,-12.38947868347168,10
9.58161449432373,-0.281329482793808,-13.274431228637695,10
11.34087085723877,-0.07468614727258682,-14.081480026245117,10
13.037222862243652,0.1713869571685791,-14.780372619628906,10
14.661986351013184,0.4471548795700073,-15.348527908325195,10
16.208900451660156,0.7420127987861633,-15.77296257019043,10
17.673877716064453,1.0450692176818848,-16.0504207611084,10
19.054306030273438,1.34585702419281,-16.18689727783203,10
20.348628997802734,1.635022521018982,-16.196399688720703,10
21.555936813354492,1.9047248363494873,-16.099567413330078,10
22.675628662109375,2.1491916179656982,-15.922147750854492,10
23.707202911376953,2.364809036254883,-15.692989349365234,10
24.650238037109375,2.5503010749816895,-15.442144393920898,10
25.504302978515625,2.706364870071411,-15.19912052154541,10
26.269195556640625,2.8352603912353516,-14.99113655090332,10
26.944902420043945,2.940319776535034,-14.841910362243652,10
27.53188133239746,3.025320053100586,-14.770051956176758,10
28.031213760375977,3.0940370559692383,-14.788650512695312,10
28.44516372680664,3.1497161388397217,-14.904976844787598,10
28.777185440063477,3.1947131156921387,-15.121010780334473,10
29.032470703125,3.230349063873291,-15.434123992919922,10
29.217960357666016,3.256863594055176,-15.837478637695312,10
29.342432022094727,3.273667335510254,-16.320438385009766,10
29.416088104248047,3.2797915935516357,-16.869140625,10
29.450214385986328,3.274301528930664,-17.466747283935547,10
29.45652961730957,3.25685715675354,-18.094396591186523,10
29.44658851623535,3.2281577587127686,-18.731956481933594,10
29.431230545043945,3.1901535987854004,-19.359500885009766,10
29.419898986816406,3.146064281463623,-19.95838165283203,10
29.42038345336914,3.100118398666382,-20.512144088745117,10
29.438264846801758,3.057227611541748,-21.00701904296875,10
29.476696014404297,3.0225095748901367,-21.431766510009766,10
29.536151885986328,3.0009021759033203,-21.777292251586914,10
29.614377975463867,2.9967451095581055,-22.035865783691406,10
29.706539154052734,3.0134520530700684,-22.20092010498047,10
29.805774688720703,3.0533525943756104,-22.26681137084961,10
29.903657913208008,3.117532730102539,-22.229385375976562,10
29.991121292114258,3.2059032917022705,-22.086423873901367,10
30.059202194213867,3.3172414302825928,-21.83861541748047,10
30.09973907470703,3.4493937492370605,-21.490148544311523,10
30.10599136352539,3.5995614528656006,-21.049320220947266,10
30.07295799255371,3.764662504196167,-20.528291702270508,10
29.99751853942871,3.9416098594665527,-19.94256591796875,10
29.878087997436523,4.127910137176514,-19.3099422454834,10
29.714263916015625,4.321877479553223,-18.6485595703125,10
29.5062198638916,4.522829055786133,-17.975038528442383,10
29.254066467285156,4.731171607971191,-17.30329132080078,10
28.957683563232422,4.948131561279297,-16.6436824798584,10
28.616413116455078,5.175422668457031,-16.00333595275879,10
28.229415893554688,5.414621353149414,-15.386608123779297,10
27.795835494995117,5.6667938232421875,-14.79606819152832,10
27.315217971801758,5.932023525238037,-14.232850074768066,10
26.78790283203125,6.209105968475342,-13.696892738342285,10
26.215246200561523,6.495642185211182,-13.187049865722656,10
25.599666595458984,6.788060188293457,-12.701019287109375,10
24.944595336914062,7.081943511962891,-12.235689163208008,10
24.254196166992188,7.372310638427734,-11.787737846374512,10
23.53321075439453,7.6540937423706055,-11.354147911071777,10
22.786571502685547,7.922489166259766,-10.932574272155762,10
22.01919937133789,8.173343658447266,-10.521574020385742,10
21.235754013061523,8.403244972229004,-10.120641708374023,10
20.440475463867188,8.609687805175781,-9.730263710021973,10
19.63718032836914,8.79086685180664,-9.351913452148438,10
18.828983306884766,8.945585250854492,-8.987922668457031,10
18.018354415893555,9.072975158691406,-8.640517234802246,10
17.206918716430664,9.172371864318848,-8.311188697814941,10
16.395475387573242,9.243115425109863,-8.000028610229492,10
15.58411693572998,9.284648895263672,-7.705932140350342,10
14.772440910339355,9.29653263092041,-7.427095413208008,10
13.95981502532959,9.278694152832031,-7.161620140075684,10
13.145620346069336,9.23155689239502,-6.908027648925781,10
12.329516410827637,9.156289100646973,-6.66583776473999,10
11.511543273925781,9.054793357849121,-6.435715198516846,10
10.69215202331543,8.929850578308105,-6.219611167907715,10
9.872262954711914,8.78488540649414,-6.020016670227051,10
9.05285358428955,8.623863220214844,-5.839419841766357,10
8.234954833984375,8.4511079788208,-5.6792521476745605,10
7.41928768157959,8.271056175231934,-5.5391082763671875,10
6.606314182281494,8.088093757629395,-5.416407108306885,10
5.7959065437316895,7.906399726867676,-5.306347370147705,10
4.987702369689941,7.7297234535217285,-5.202337265014648,10
4.180974960327148,7.561425685882568,-5.096848011016846,10
3.375077247619629,7.404287815093994,-4.982354640960693,10
2.5693819522857666,7.260518550872803,-4.852433681488037,10
1.763597846031189,7.131836414337158,-4.7023420333862305,10
0.9578567743301392,7.019239902496338,-4.529448986053467,10
0.15276238322257996,6.923316955566406,-4.333406448364258,10
-0.6505314111709595,6.84399938583374,-4.116084575653076,10
-1.4502822160720825,6.780787944793701,-3.881234884262085,10
-2.244170665740967,6.732736587524414,-3.634152412414551,10
-3.0294172763824463,6.698482990264893,-3.3811378479003906,10
-3.8028793334960938,6.676324844360352,-3.128988027572632,10
-4.561286926269531,6.664218425750732,-2.8843533992767334,10
-5.3014750480651855,6.659867763519287,-2.653263568878174,10
-6.020768642425537,6.660775184631348,-2.4407596588134766,10
-6.717120170593262,6.664157390594482,-2.250544309616089,10
-7.389328956604004,6.667076587677002,-2.084989309310913,10
-8.03721809387207,6.66641092300415,-1.9450925588607788,10
-8.661441802978516,6.658919334411621,-1.8307852745056152,10
-9.263276100158691,6.6413750648498535,-1.7411117553710938,10
-9.844260215759277,6.610604286193848,-1.6745067834854126,10
-10.405851364135742,6.5636210441589355,-1.6290918588638306,10
-10.948854446411133,6.497779369354248,-1.6026374101638794,10
-11.472807884216309,6.410877227783203,-1.5928597450256348,10
-11.975678443908691,6.301224231719971,-1.5976227521896362,10
-12.453104019165039,6.167770862579346,-1.6151199340820312,11
-12.898297309875488,6.010108470916748,-1.6443309783935547,11
-13.301624298095703,5.828457355499268,-1.685298204421997,11
-13.650863647460938,5.623610019683838,-1.7393832206726074,11
-13.93139934539795,5.396684646606445,-1.8092488050460815,11
-14.12711238861084,5.148924350738525,-1.8986854553222656,11
-14.221192359924316,4.881486892700195,-2.012213706970215,11
-14.197423934936523,4.595151424407959,-2.154696226119995,11
-14.041261672973633,4.290403842926025,-2.330986499786377,11
-13.740862846374512,3.967402458190918,-2.5455408096313477,11
-13.287936210632324,3.6263020038604736,-2.8024466037750244,11
-12.678069114685059,3.2677648067474365,-3.1055479049682617,11
-11.91073989868164,2.8933897018432617,-3.4588615894317627,11
-10.989309310913086,2.506256580352783,-3.8669230937957764,11
-9.920465469360352,2.1112122535705566,-4.334750175476074,11
-8.713924407958984,1.7148712873458862,-4.867562294006348,11
-7.381811618804932,1.3253861665725708,-5.470066547393799,11
-5.938229560852051,0.9520431160926819,-6.145442962646484,11
-4.398772716522217,0.6046044230461121,-6.8939619064331055,11
-2.7800426483154297,0.2926730513572693,-7.7115936279296875,11
-1.099419116973877,0.025136077776551247,-8.588919639587402,11
0.6251841187477112,-0.1903979331254959,-9.510290145874023,11
2.375704288482666,-0.3479973375797272,-10.454063415527344,11
4.1343865394592285,-0.44369566440582275,-11.393821716308594,11
5.88435697555542,-0.4758063554763794,-12.300984382629395,11
7.610294818878174,-0.44502389430999756,-13.147781372070312,11
9.299112319946289,-0.3545183837413788,-13.909991264343262,11
10.940163612365723,-0.2098841667175293,-14.569293975830078,11
12.525716781616211,-0.01885387673974037,-15.114465713500977,11
14.050741195678711,0.2091989517211914,-15.54190444946289,11
15.51244068145752,0.4639754891395569,-15.854586601257324,11
16.909610748291016,0.735034704208374,-16.060758590698242,11
18.24220848083496,1.0124150514602661,-16.17269515991211,11
19.51071548461914,1.287260890007019,-16.2055721282959,11
20.715747833251953,1.5521323680877686,-16.176660537719727,11
21.857624053955078,1.8013306856155396,-16.104373931884766,11
22.936166763305664,2.0309643745422363,-16.007455825805664,11
23.950284957885742,2.2388479709625244,-15.904097557067871,11
24.898115158081055,2.4242143630981445,-15.811271667480469,11
25.77687644958496,2.5874075889587402,-15.7444486618042,11
26.583248138427734,2.729241132736206,-15.717106819152832,11
27.313459396362305,2.850569009780884,-15.74057388305664,11
27.96381950378418,2.9519455432891846,-15.823653221130371,11
28.5311336517334,3.0333073139190674,-15.972472190856934,11
29.013072967529297,3.093900680541992,-16.190521240234375,11
29.408782958984375,3.1323249340057373,-16.478801727294922,11
29.719402313232422,3.1466732025146484,-16.83576774597168,11
29.9482479095459,3.134908676147461,-17.25763511657715,11
30.101078033447266,3.09533429145813,-17.738224029541016,11
30.18593978881836,3.027143955230713,-18.268604278564453,11
30.212804794311523,2.930903434753418,-18.836889266967773,11
30.19308090209961,2.8091280460357666,-19.42793846130371,11
30.13882827758789,2.6664602756500244,-20.023523330688477,11
30.062152862548828,2.5096685886383057,-20.602476119995117,11
29.97452163696289,2.3474326133728027,-21.141616821289062,11
29.886199951171875,2.189769744873047,-21.616905212402344,11
29.805715560913086,2.047269344329834,-22.00448226928711,11
29.739459991455078,1.9303137063980103,-22.2823543548584,11
29.69140625,1.8482543230056763,-22.43140983581543,11
29.662883758544922,1.8086601495742798,-22.43667984008789,11
29.652645111083984,1.8167750835418701,-22.288530349731445,11
29.65729331970215,1.8751938343048096,-21.98379898071289,11
29.671754837036133,1.9837374687194824,-21.527006149291992,11
29.69005012512207,2.1395113468170166,-20.931072235107422,11
29.705896377563477,2.3373639583587646,-20.21760368347168,11
29.713512420654297,2.57047176361084,-19.416240692138672,11
29.707927703857422,2.831101417541504,-18.56315803527832,11
29.685150146484375,3.1114847660064697,-17.69845199584961,11
29.642139434814453,3.4045281410217285,-16.862743377685547,11
29.57616424560547,3.7045273780822754,-16.093032836914062,11
29.484209060668945,4.0073981285095215,-15.418021202087402,11
29.36234474182129,4.31084680557251,-14.854454040527344,11
29.20537757873535,4.61406135559082,-14.405323028564453,11
29.007062911987305,4.917473316192627,-14.060836791992188,11
28.760713577270508,5.222127437591553,-13.800714492797852,11
28.459823608398438,5.529232501983643,-13.59811782836914,11
28.09923553466797,5.839624404907227,-13.423964500427246,11
27.675674438476562,6.153296947479248,-13.250328063964844,11
27.188329696655273,6.469257354736328,-13.0531644821167,11
26.638864517211914,6.7854461669921875,-12.814136505126953,11
26.03133201599121,7.0987653732299805,-12.521676063537598,11
25.371583938598633,7.405290126800537,-12.171368598937988,11
24.66681671142578,7.700497150421143,-11.76574993133545,11
23.924713134765625,7.979582786560059,-11.313272476196289,11
23.15279769897461,8.237797737121582,-10.826549530029297,11
22.357778549194336,8.470766067504883,-10.320305824279785,11
21.545164108276367,8.674593925476074,-9.809457778930664,11
20.719287872314453,8.846226692199707,-9.30825138092041,11
19.883214950561523,8.983309745788574,-8.829318046569824,11
19.03904151916504,9.084400177001953,-8.382665634155273,11
18.188053131103516,9.148902893066406,-7.975168704986572,11
17.330970764160156,9.176968574523926,-7.610254764556885,11
16.468358993530273,9.169595718383789,-7.288112163543701,11
15.600746154785156,9.128316879272461,-7.00624418258667,11
14.728958129882812,9.055368423461914,-6.760416030883789,11
13.854135513305664,8.953369140625,-6.545582294464111,11
12.977843284606934,8.825392723083496,-6.356598377227783,11
12.10175609588623,8.674752235412598,-6.188783168792725,11
11.227629661560059,8.505097389221191,-6.038074493408203,11
10.356916427612305,8.320115089416504,-5.900943279266357,11
9.490702629089355,8.123722076416016,-5.774290084838867,11
8.629523277282715,7.919824600219727,-5.655181884765625,11
7.773348808288574,7.712409496307373,-5.5406341552734375,11
6.92172384262085,7.505341529846191,-5.427285671234131,11
6.073757171630859,7.302319049835205,-5.311494827270508,11
5.228379249572754,7.106706142425537,-5.189481735229492,11
4.384315013885498,6.921400547027588,-5.057462215423584,11
3.5402822494506836,6.74879789352417,-4.9118452072143555,11
2.694988489151001,6.590619087219238,-4.749387741088867,11
1.8473587036132812,6.447929382324219,-4.567414283752441,11
0.9965449571609497,6.321101188659668,-4.364413738250732,11
0.1422688066959381,6.209806442260742,-4.140223979949951,11
-0.7152172923088074,6.11306095123291,-3.8964035511016846,11
-1.574913501739502,6.029390811920166,-3.6363022327423096,11
-2.43499493598938,5.9568681716918945,-3.364845037460327,11
-3.2929742336273193,5.893307685852051,-3.0883266925811768,11
-4.145650863647461,5.836386203765869,-2.813643455505371,11
-4.989480972290039,5.7838134765625,-2.547907829284668,11
-5.820650577545166,5.733436107635498,-2.2977805137634277,11
-6.635432720184326,5.683236122131348,-2.069251298904419,11
-7.430270671844482,5.631385326385498,-1.8670772314071655,11
-8.201956748962402,5.576165199279785,-1.6946375370025635,11
-8.947619438171387,5.515957832336426,-1.5536905527114868,11
-9.66485595703125,5.449109077453613,-1.444356083869934,11
-10.351455688476562,5.374058723449707,-1.3650113344192505,11
-11.005351066589355,5.289243698120117,-1.312463402748108,11
-11.62434196472168,5.193138599395752,-1.2822775840759277,11
-12.205788612365723,5.084295272827148,-1.2690963745117188,11
-12.746258735656738,4.961409091949463,-1.2673161029815674,11
-13.241119384765625,4.82335090637207,-1.271864414215088,11
-13.684083938598633,4.669236183166504,-1.2790132761001587,11
-14.06697940826416,4.498394012451172,-1.2872055768966675,12
-14.379570007324219,4.310438632965088,-1.2973843812942505,12
-14.609832763671875,4.105032920837402,-1.3132048845291138,12
-14.744413375854492,3.8818705081939697,-1.3405967950820923,12
-14.769362449645996,3.64046311378479,-1.3872851133346558,12
-14.671106338500977,3.38012433052063,-1.462172269821167,12
-14.437387466430664,3.100053548812866,-1.5748132467269897,12
-14.058146476745605,2.799583673477173,-1.7348676919937134,12
-13.526069641113281,2.478703498840332,-1.9519450664520264,12
-12.836922645568848,2.1385085582733154,-2.23555588722229,12
-11.989718437194824,1.7817445993423462,-2.594820261001587,12
-10.98665714263916,1.4131436347961426,-3.037837266921997,12
-9.833260536193848,1.0393732786178589,-3.5708160400390625,12
-8.538213729858398,0.6690446138381958,-4.196739196777344,12
-7.113218784332275,0.3121967315673828,-4.913993835449219,12
-5.572815895080566,-0.020206192508339882,-5.715322017669678,12
-3.933908462524414,-0.31693440675735474,-6.587259769439697,12
-2.2151010036468506,-0.5672091841697693,-7.510615348815918,12
-0.43591663241386414,-0.7613791227340698,-8.46222972869873,12
1.3840302228927612,-0.8915778994560242,-9.417234420776367,12
3.225759506225586,-0.9522765874862671,-10.351056098937988,12
5.071588516235352,-0.9406635761260986,-11.2412748336792,12
6.905507564544678,-0.8569728136062622,-12.068967819213867,12
8.713672637939453,-0.7044134736061096,-12.819480895996094,12
10.484426498413086,-0.48912927508354187,-13.482495307922363,12
12.208182334899902,-0.2197927087545395,-14.052116394042969,12
13.877346992492676,0.09289859980344772,-14.526726722717285,12
15.48618221282959,0.4367073178291321,-14.908658981323242,12
17.03042984008789,0.7986671924591064,-15.204066276550293,12
18.506973266601562,1.1656936407089233,-15.422051429748535,12
19.91351318359375,1.5253372192382812,-15.573990821838379,12
21.248136520385742,1.8665226697921753,-15.67296314239502,12
22.509057998657227,2.180037498474121,-15.732985496520996,12
23.694272994995117,2.459043264389038,-15.768630981445312,12
24.801389694213867,2.6992974281311035,-15.794295310974121,12
25.827526092529297,2.8992152214050293,-15.82354736328125,12
26.76925277709961,3.059706926345825,-15.868717193603516,12
27.62289810180664,3.1837868690490723,-15.940387725830078,12
28.38471221923828,3.276024580001831,-16.04715347290039,12
29.051424026489258,3.3417608737945557,-16.19579315185547,12
29.62076187133789,3.3862764835357666,-16.391357421875,12
30.091920852661133,3.4142026901245117,-16.637327194213867,12
30.46589469909668,3.429072618484497,-16.935401916503906,12
30.745758056640625,3.433128595352173,-17.28504180908203,12
30.936830520629883,3.427342176437378,-17.683578491210938,12
31.046676635742188,3.411639451980591,-18.12582778930664,12
31.085037231445312,3.385279893875122,-18.604629516601562,12
31.063474655151367,3.347323417663574,-19.110715866088867,12
30.994808197021484,3.2971560955047607,-19.633207321166992,12
30.892498016357422,3.2348785400390625,-20.15981674194336,12
30.769912719726562,3.161703586578369,-20.677751541137695,12
30.639514923095703,3.080022096633911,-21.174236297607422,12
30.51222038269043,2.993408679962158,-21.63716697692871,12
30.39678955078125,2.9063942432403564,-22.05583953857422,12
30.29928207397461,2.824124813079834,-22.420700073242188,12
30.22268295288086,2.75211763381958,-22.723344802856445,12
30.166889190673828,2.6958792209625244,-22.955976486206055,12
30.128644943237305,2.660496473312378,-23.11101531982422,12
30.102201461791992,2.650461435317993,-23.181365966796875,12
30.079931259155273,2.6693339347839355,-23.16037368774414,12
30.053491592407227,2.719576120376587,-23.042522430419922,12
30.01470947265625,2.8023698329925537,-22.824174880981445,12
29.95673179626465,2.9175121784210205,-22.50434684753418,12
29.874704360961914,3.06341290473938,-22.085603713989258,12
29.766443252563477,3.237074613571167,-21.574604034423828,12
29.63227081298828,3.4343032836914062,-20.98216438293457,12
29.47463607788086,3.6500163078308105,-20.322614669799805,12
29.29704475402832,3.8788013458251953,-19.61251449584961,12
29.102670669555664,4.115597724914551,-18.86864471435547,12
28.892959594726562,4.356359481811523,-18.10593605041504,12
28.666471481323242,4.598685264587402,-17.336429595947266,12
28.418460845947266,4.841951847076416,-16.568693161010742,12
28.141117095947266,5.087371826171875,-15.808746337890625,12
27.824872970581055,5.337394714355469,-15.061471939086914,12
27.459800720214844,5.594998836517334,-14.331995964050293,12
27.037548065185547,5.8629631996154785,-13.626591682434082,12
26.552547454833984,6.142934322357178,-12.952412605285645,12
26.002992630004883,6.4348883628845215,-12.316530227661133,12
25.39095115661621,6.736718654632568,-11.724387168884277,12
24.721994400024414,7.0442914962768555,-11.1781644821167,12
24.004154205322266,7.3518757820129395,-10.67642879486084,12
23.246986389160156,7.652688980102539,-10.214537620544434,12
22.46053695678711,7.939725875854492,-9.785893440246582,12
21.654430389404297,8.206472396850586,-9.383544921875,12
20.837202072143555,8.447421073913574,-9.001530647277832,12
20.015869140625,8.658341407775879,-8.635668754577637,12
19.195703506469727,8.836359024047852,-8.283935546875,12
18.38020896911621,8.979791641235352,-7.946377754211426,12
17.571224212646484,9.08797836303711,-7.62483549118042,12
16.769058227539062,9.160907745361328,-7.321994304656982,12
15.97283935546875,9.199112892150879,-7.040796756744385,12
15.180904388427734,9.203398704528809,-6.783718585968018,12
14.391353607177734,9.174873352050781,-6.552556037902832,12
13.60240364074707,9.115013122558594,-6.3483147621154785,12
12.813024520874023,9.025696754455566,-6.171331405639648,12
12.02299690246582,8.909423828125,-6.021694183349609,12
11.23301887512207,8.769333839416504,-5.899351119995117,12
10.444398880004883,8.609125137329102,-5.803769111633301,12
9.658770561218262,8.432991981506348,-5.733764171600342,12
8.877504348754883,8.245376586914062,-5.686963081359863,12
8.101274490356445,8.050857543945312,-5.659266471862793,12
7.329788684844971,7.853884220123291,-5.64484977722168,12
6.56165075302124,7.658676624298096,-5.636138439178467,12
5.7944769859313965,7.468968868255615,-5.6244659423828125,12
5.025278568267822,7.288017749786377,-5.600808143615723,12
4.250733375549316,7.118564128875732,-5.5565900802612305,12
3.46761417388916,6.962841987609863,-5.484358787536621,12
2.6731650829315186,6.82248067855835,-5.378251552581787,12
1.8653831481933594,6.6986799240112305,-5.234374046325684,12
1.043254017829895,6.592057704925537,-5.0510101318359375,12
0.20680247247219086,6.502661228179932,-4.828596591949463,12
-0.6427616477012634,6.430028915405273,-4.569526672363281,12
-1.5031026601791382,6.373164653778076,-4.277964115142822,12
-2.3707644939422607,6.330676555633545,-3.959568738937378,12
-3.241253137588501,6.3008713722229,-3.6210153102874756,12
-4.109099388122559,6.281925201416016,-3.2699944972991943,12
-4.968026638031006,6.272175312042236,-2.914630651473999,12
-5.811215877532959,6.270090103149414,-2.5632307529449463,12
-6.631766319274902,6.2745256423950195,-2.2238779067993164,12
-7.423008441925049,6.2846832275390625,-1.904065489768982,12
-8.178983688354492,6.300102233886719,-1.610398292541504,12
-8.894811630249023,6.320427894592285,-1.3482751846313477,12
-9.566940307617188,6.345390796661377,-1.121828556060791,12
-10.193212509155273,6.374397277832031,-0.9337295293807983,12
-10.772818565368652,6.4064788818359375,-0.7850501537322998,12
-11.306032180786133,6.440110683441162,-0.675220787525177,12
-11.793763160705566,6.473119735717773,-0.6022318005561829,12
-12.237095832824707,6.502702236175537,-0.5628111362457275,12
-12.636488914489746,6.5255255699157715,-0.5527787804603577,12
-12.991183280944824,6.5378947257995605,-0.5676825046539307,13
-13.298589706420898,6.535881519317627,-0.603321373462677,13
-13.553865432739258,6.515570640563965,-0.6563742160797119,13
-13.749724388122559,6.473134517669678,-0.7249943614006042,13
-13.87662124633789,6.405081748962402,-0.8090381026268005,13
-13.923331260681152,6.308169364929199,-0.9100795984268188,13
-13.877630233764648,6.179571151733398,-1.0309746265411377,13
-13.727319717407227,6.016636848449707,-1.1751739978790283,13
-13.46142864227295,5.817090034484863,-1.346017599105835,13
-13.07107162475586,5.5789313316345215,-1.5462400913238525,13
-12.550349235534668,5.300833702087402,-1.7778453826904297,13
-11.896636009216309,4.9824395179748535,-2.0424537658691406,13
-11.11063003540039,4.624982833862305,-2.3425192832946777,13
-10.195746421813965,4.231884479522705,-2.682563066482544,13
-9.15740966796875,3.8090176582336426,-3.070390224456787,13
-8.002333641052246,3.36480712890625,-3.51750111579895,13
-6.737901210784912,2.9098148345947266,-4.038193702697754,13
-5.371877193450928,2.456082582473755,-4.648077964782715,13
-3.912311553955078,2.0161592960357666,-5.361556529998779,13
-2.3677914142608643,1.602217674255371,-6.188868045806885,13
-0.7478437423706055,1.2251393795013428,-7.13295841217041,13
0.9366492629051208,0.8942341804504395,-8.186727523803711,13
2.673082113265991,0.6168140769004822,-9.331879615783691,13
4.4472150802612305,0.3982282876968384,-10.539302825927734,13
6.243380546569824,0.24191230535507202,-11.77093505859375,13
8.044827461242676,0.14946551620960236,-12.983156204223633,13
9.83466625213623,0.12076924741268158,-14.130802154541016,13
11.596437454223633,0.1539892554283142,-15.171775817871094,13
13.315003395080566,0.2456454634666443,-16.070999145507812,13
14.977088928222656,0.3905465304851532,-16.803499221801758,13
16.571596145629883,0.581824779510498,-17.356143951416016,13
18.08980369567871,0.811168372631073,-17.727998733520508,13
19.525142669677734,1.0691449642181396,-17.929365158081055,13
20.87306785583496,1.3457266092300415,-17.98001480102539,13
22.13064956665039,1.6308226585388184,-17.906904220581055,13
23.296247482299805,1.9148147106170654,-17.74155044555664,13
24.369125366210938,2.1891865730285645,-17.51769256591797,13
25.34904670715332,2.446847677230835,-17.26860237121582,13
26.235937118530273,2.6825056076049805,-17.024343490600586,13
27.029624938964844,2.892674684524536,-16.8092041015625,13
27.729778289794922,3.0755233764648438,-16.64031219482422,13
28.336105346679688,3.230480432510376,-16.528072357177734,13
28.848766326904297,3.3577332496643066,-16.4775390625,13
29.268640518188477,3.457850694656372,-16.489776611328125,13
29.597864151000977,3.531468391418457,-16.563650131225586,13
29.840007781982422,3.5790836811065674,-16.696971893310547,13
30.000410079956055,3.6009082794189453,-16.887439727783203,13
30.086294174194336,3.5969958305358887,-17.1330623626709,13
30.10654067993164,3.567378282546997,-17.431852340698242,13
30.07160758972168,3.5123517513275146,-17.781417846679688,13
29.992996215820312,3.4328842163085938,-18.178159713745117,13
29.8826847076416,3.330913543701172,-18.616769790649414,13
29.752620697021484,3.2095370292663574,-19.09016990661621,13
29.614242553710938,3.0731797218322754,-19.589282989501953,13
29.477693557739258,2.9274134635925293,-20.103246688842773,13
29.351673126220703,2.7787492275238037,-20.619979858398438,13
29.24291229248047,2.634183883666992,-21.12647247314453,13
29.1560115814209,2.5007989406585693,-21.609188079833984,13
29.093231201171875,2.3853464126586914,-22.054317474365234,13
29.054426193237305,2.293818712234497,-22.447795867919922,13
29.03700828552246,2.2312583923339844,-22.775575637817383,13
29.036142349243164,2.2014429569244385,-23.023773193359375,13
29.045215606689453,2.2069103717803955,-23.17955207824707,13
29.056306838989258,2.2487080097198486,-23.23164176940918,13
29.060855865478516,2.326401472091675,-23.17119598388672,13
29.050474166870117,2.438159704208374,-22.99305534362793,13
29.017778396606445,2.5807557106018066,-22.69631576538086,13
28.956945419311523,2.7497456073760986,-22.285160064697266,13
28.864383697509766,2.9397542476654053,-21.769214630126953,13
28.73895263671875,3.1449458599090576,-21.16341209411621,13
28.581758499145508,3.3595283031463623,-20.487060546875,13
28.395681381225586,3.578357458114624,-19.762327194213867,13
28.18444061279297,3.79754638671875,-19.011972427368164,13
27.95149803161621,4.014857292175293,-18.256872177124023,13
27.698854446411133,4.230060577392578,-17.514131546020508,13
27.426536560058594,4.444752216339111,-16.7960262298584,13
27.132171630859375,4.662120342254639,-16.10991096496582,13
26.811378479003906,4.886270999908447,-15.459084510803223,13
26.458511352539062,5.121429443359375,-14.843644142150879,13
26.0674991607666,5.371169090270996,-14.261069297790527,13
25.6328067779541,5.637633323669434,-13.706565856933594,13
25.150285720825195,5.9210734367370605,-13.173323631286621,13
24.617698669433594,6.219640254974365,-12.65330982208252,13
24.034975051879883,6.52940559387207,-12.138373374938965,13
23.40416145324707,6.844710350036621,-11.621543884277344,13
22.729087829589844,7.1587910652160645,-11.09793472290039,13
22.0148983001709,7.464291095733643,-10.565820693969727,13
21.267406463623047,7.753964424133301,-10.026718139648438,13
20.49259376525879,8.021315574645996,-9.485284805297852,13
19.696117401123047,8.260852813720703,-8.948800086975098,13
18.882976531982422,8.468405723571777,-8.4265718460083,13
18.057300567626953,8.641213417053223,-7.928642272949219,13
17.222137451171875,8.777762413024902,-7.464107513427734,13
16.379262924194336,8.877691268920898,-7.039103984832764,13
15.529314041137695,8.941567420959473,-6.655667781829834,13
14.672121047973633,8.970497131347656,-6.3121442794799805,13
13.807504653930664,8.965989112854004,-6.005753040313721,13
12.936042785644531,8.929659843444824,-5.735188007354736,13
12.059463500976562,8.863259315490723,-5.50166654586792,13
11.180594444274902,8.76870059967041,-5.307940483093262,13
10.303177833557129,8.648270606994629,-5.156263828277588,13
9.431133270263672,8.504759788513184,-5.046844482421875,13
8.568353652954102,8.341619491577148,-4.976925849914551,13
7.718214511871338,8.163016319274902,-4.941254615783691,13
6.883268356323242,7.973766803741455,-4.93293571472168,13
6.065239429473877,7.779153347015381,-4.944554328918457,13
5.26487398147583,7.584780693054199,-4.969074726104736,13
4.482123851776123,7.396183013916016,-5.000322341918945,13
3.7161953449249268,7.218581676483154,-5.033360481262207,13
2.965707540512085,7.056613445281982,-5.0644307136535645,13
2.2289414405822754,6.91412353515625,-5.090731143951416,13
1.5039185285568237,6.794055461883545,-5.1101765632629395,13
0.7885022759437561,6.69825553894043,-5.120789051055908,13
0.08046820759773254,6.627502918243408,-5.11997127532959,13
-0.6225476264953613,6.581431865692139,-5.104337692260742,13
-1.3227847814559937,6.558521747589111,-5.069620609283447,13
-2.0220947265625,6.55620813369751,-5.011094570159912,13
-2.721863269805908,6.571078777313232,-4.9242167472839355,13
-3.4225497245788574,6.599118709564209,-4.805262088775635,13
-4.123739719390869,6.636074066162109,-4.651904582977295,13
-4.823997974395752,6.67773962020874,-4.463876247406006,13
-5.521061420440674,6.720267295837402,-4.243134021759033,13
-6.211965084075928,6.76034688949585,-3.993903160095215,13
-6.8934221267700195,6.795482158660889,-3.722477912902832,13
-7.562079906463623,6.8237786293029785,-3.4368844032287598,13
-8.214919090270996,6.844113826751709,-3.146568536758423,13
-8.849405288696289,6.855781555175781,-2.861729621887207,13
-9.4638032913208,6.858384132385254,-2.592658281326294,13
-10.05705451965332,6.851465225219727,-2.34891676902771,13
-10.628874778747559,6.834419250488281,-2.1386382579803467,13
-11.17930793762207,6.8062615394592285,-1.9680562019348145,13
-11.708311080932617,6.765481472015381,-1.8411803245544434,13
-12.215243339538574,6.710229873657227,-1.7597776651382446,13
-12.698066711425781,6.638181209564209,-1.7234593629837036,13
-13.152815818786621,6.5469136238098145,-1.7301287651062012,13
-13.572954177856445,6.434015274047852,-1.7762035131454468,14
-13.94913101196289,6.2972869873046875,-1.8572287559509277,14
-14.269009590148926,6.13492488861084,-1.9681708812713623,14
-14.517766952514648,5.9456915855407715,-2.103853702545166,14
-14.678692817687988,5.7288689613342285,-2.259286880493164,14
-14.734220504760742,5.48430061340332,-2.4299116134643555,14
-14.667158126831055,5.2123003005981445,-2.611868143081665,14
-14.461810111999512,4.913631916046143,-2.8023438453674316,14
-14.105305671691895,4.589354991912842,-2.999969959259033,14
-13.588399887084961,4.241042613983154,-3.204996347427368,14
-12.906155586242676,3.870779514312744,-3.420149326324463,14
-12.057950019836426,3.481585741043091,-3.651216745376587,14
-11.047245025634766,3.077800750732422,-3.9076528549194336,14
-9.881086349487305,2.6652722358703613,-4.202441215515137,14
-8.569473266601562,2.2515223026275635,-4.551717758178711,14
-7.124573230743408,1.8454983234405518,-4.973330974578857,14
-5.560051918029785,1.4570715427398682,-5.485332012176514,14
-3.8906192779541016,1.0963135957717896,-6.103585243225098,14
-2.1316754817962646,0.7728862166404724,-6.8390655517578125,14
-0.29947054386138916,0.49523502588272095,-7.694976329803467,14
1.5887951850891113,0.27017855644226074,-8.664143562316895,14
3.5147993564605713,0.10262197256088257,-9.727568626403809,14
5.459135055541992,-0.004592407960444689,-10.854222297668457,14
7.401670455932617,-0.05068511515855789,-12.00329875946045,14
9.322439193725586,-0.036827899515628815,-13.128366470336914,14
11.202536582946777,0.03378138318657875,-14.182990074157715,14
13.025161743164062,0.1560526043176651,-15.12645435333252,14
14.776407241821289,0.32308924198150635,-15.928187370300293,14
16.445632934570312,0.5263499021530151,-16.57017707824707,14
18.025497436523438,0.7561858296394348,-17.047632217407227,14
19.511558532714844,1.002329707145691,-17.367374420166016,14
20.901466369628906,1.2546826601028442,-17.545551300048828,14
22.19435691833496,1.50400972366333,-17.604570388793945,14
23.38999366760254,1.7424585819244385,-17.570634841918945,14
24.48845672607422,1.963866949081421,-17.471282958984375,14
25.48971176147461,2.163966417312622,-17.333494186401367,14
26.393413543701172,2.340221881866455,-17.182239532470703,14
27.19895362854004,2.49162220954895,-17.039518356323242,14
27.905500411987305,2.6184134483337402,-16.923934936523438,14
28.512264251708984,2.7215757369995117,-16.85021209716797,14
29.018857955932617,2.802616596221924,-16.82929801940918,14
29.425479888916016,2.863101005554199,-16.868141174316406,14
29.733537673950195,2.9043755531311035,-16.97048568725586,14
29.946186065673828,2.927236557006836,-17.13762855529785,14
30.0687198638916,2.9319074153900146,-17.369619369506836,14
30.109037399291992,2.917897939682007,-17.665828704833984,14
30.077608108520508,2.8843741416931152,-18.025707244873047,14
29.98741340637207,2.83034348487854,-18.448204040527344,14
29.853363037109375,2.755305528640747,-18.93100357055664,14
29.691389083862305,2.659754753112793,-19.46904182434082,14
29.517505645751953,2.545670509338379,-20.053110122680664,14
29.346860885620117,2.416748285293579,-20.669397354125977,14
29.192771911621094,2.2784793376922607,-21.299705505371094,14
29.066181182861328,2.1377878189086914,-21.922483444213867,14
28.975168228149414,2.0026400089263916,-22.51414680480957,14
28.924598693847656,1.881348967552185,-23.050323486328125,14
28.915864944458008,1.7819921970367432,-23.507230758666992,14
28.94694709777832,1.7118785381317139,-23.86228370666504,14
29.01240348815918,1.676982045173645,-24.095447540283203,14
29.104022979736328,1.681604266166687,-24.19041633605957,14
29.211523056030273,1.7280076742172241,-24.136014938354492,14
29.323436737060547,1.8161967992782593,-23.927534103393555,14
29.428119659423828,1.9440066814422607,-23.567697525024414,14
29.51483917236328,2.107220411300659,-23.066795349121094,14
29.57438850402832,2.3000383377075195,-22.44263458251953,14
29.599803924560547,2.515580415725708,-21.71967315673828,14
29.58633041381836,2.7466118335723877,-20.927473068237305,14
29.531373977661133,2.986232280731201,-20.098691940307617,14
29.43395233154297,3.228642463684082,-19.26609992980957,14
29.293813705444336,3.469499111175537,-18.459482192993164,14
29.11069679260254,3.7062160968780518,-17.70280647277832,14
28.883588790893555,3.938082695007324,-17.011999130249023,14
28.610485076904297,4.165966510772705,-16.394424438476562,14
28.288400650024414,4.391880989074707,-15.84981918334961,14
27.914024353027344,4.61851692199707,-15.371999740600586,14
27.4842586517334,4.848575115203857,-14.950763702392578,14
26.99697494506836,5.084231376647949,-14.573772430419922,14
26.451501846313477,5.326662540435791,-14.227888107299805,14
25.84914207458496,5.575730800628662,-13.900457382202148,14
25.193126678466797,5.829836368560791,-13.580143928527832,14
24.488555908203125,6.086091041564941,-13.25749683380127,14
23.741849899291992,6.340603828430176,-12.925461769104004,14
22.960205078125,6.588923931121826,-12.579451560974121,14
22.15105438232422,6.826573848724365,-12.217131614685059,14
21.321571350097656,7.049672603607178,-11.83842658996582,14
20.478134155273438,7.255237102508545,-11.445152282714844,14
19.626251220703125,7.441455364227295,-11.040752410888672,14
18.77042579650879,7.60769510269165,-10.629915237426758,14
17.914108276367188,7.754317283630371,-10.217941284179688,14
17.059741973876953,7.882390022277832,-9.810011863708496,14
16.208826065063477,7.993330478668213,-9.410308837890625,14
15.362140655517578,8.08858871459961,-9.02161979675293,14
14.519782066345215,8.169272422790527,-8.645153999328613,14
13.681583404541016,8.235989570617676,-8.280718803405762,14
12.84725284576416,8.288748741149902,-7.9272379875183105,14
12.016737937927246,8.327038764953613,-7.58334493637085,14
11.190132141113281,8.350018501281738,-7.248316287994385,14
10.367918968200684,8.35663890838623,-6.922062397003174,14
9.55058765411377,8.34607219696045,-6.605411529541016,14
8.738598823547363,8.31784725189209,-6.300010681152344,14
7.932146072387695,8.272011756896973,-6.0081024169921875,14
7.13114595413208,8.209378242492676,-5.732260227203369,14
6.335297584533691,8.13154125213623,-5.475167751312256,14
5.544140338897705,8.040992736816406,-5.239263534545898,14
4.757336616516113,7.940980434417725,-5.026361465454102,14
3.974642515182495,7.8353190422058105,-4.837335586547852,14
3.196110725402832,7.728125095367432,-4.671670436859131,14
2.4219374656677246,7.623444080352783,-4.527326583862305,14
1.6525020599365234,7.524936199188232,-4.400795936584473,14
0.8881770968437195,7.435693740844727,-4.287385940551758,14
0.1294298768043518,7.357968807220459,-4.1817240715026855,14
-0.6232587695121765,7.293220520019531,-4.078307628631592,14
-1.3691959381103516,7.242001056671143,-3.9721806049346924,14
-2.107304573059082,7.204043865203857,-3.8595409393310547,14
-2.8361244201660156,7.178389549255371,-3.7382915019989014,14
-3.5538065433502197,7.163453102111816,-3.608107089996338,14
-4.258240699768066,7.1571807861328125,-3.470205783843994,14
-4.947208881378174,7.157262802124023,-3.3269853591918945,14
-5.618861198425293,7.161223888397217,-3.181516170501709,14
-6.271790504455566,7.166563987731934,-3.037027359008789,14
-6.905374526977539,7.170800685882568,-2.8966541290283203,14
-7.519795894622803,7.1716532707214355,-2.763235569000244,14
-8.116186141967773,7.166982173919678,-2.6394338607788086,14
-8.696313858032227,7.154754638671875,-2.5276260375976562,14
-9.262490272521973,7.13314151763916,-2.4299538135528564,14
-9.817107200622559,7.100292205810547,-2.348233222961426,14
-10.36227035522461,7.054556846618652,-2.2838802337646484,14
-10.89930534362793,6.994339942932129,-2.2376437187194824,14
-11.4281644821167,6.9182209968566895,-2.2094502449035645,14
-11.947087287902832,6.824944019317627,-2.198305606842041,14
-12.45203971862793,6.713528156280518,-2.202505588531494,14
-12.936483383178711,6.5833420753479,-2.2198033332824707,14
-13.391029357910156,6.434077739715576,-2.2481791973114014,15
-13.803689002990723,6.265774726867676,-2.286388874053955,15
-14.159992218017578,6.0788254737854,-2.334404230117798,15
-14.443798065185547,5.873714923858643,-2.393878698348999,15
-14.638087272644043,5.6510233879089355,-2.4681589603424072,15
-14.72612190246582,5.411080837249756,-2.562152624130249,15
-14.692582130432129,5.153985977172852,-2.6815333366394043,15
-14.524730682373047,4.879423141479492,-2.832228183746338,15
-14.21342658996582,4.586803913116455,-3.019531726837158,15
-13.753606796264648,4.275513648986816,-3.2475745677948,15
-13.144403457641602,3.9452672004699707,-3.5193893909454346,15
-12.388927459716797,3.5966145992279053,-3.8369300365448,15
-11.49362850189209,3.231499195098877,-4.2015299797058105,15
-10.467747688293457,2.853595018386841,-4.614246368408203,15
-9.322361946105957,2.4684410095214844,-5.076058387756348,15
-8.069607734680176,2.0833234786987305,-5.587954998016357,15
-6.722006320953369,1.7067503929138184,-6.1506242752075195,15
-5.292048454284668,1.3479273319244385,-6.763925552368164,15
-3.7916386127471924,1.0160664319992065,-7.426243782043457,15
-2.2321765422821045,0.7198425531387329,-8.134140968322754,15
-0.6244966387748718,0.4668484032154083,-8.881780624389648,15
1.020818829536438,0.26329928636550903,-9.660614967346191,15
2.6931405067443848,0.11381460726261139,-10.459222793579102,15
4.381632328033447,0.021167460829019547,-11.263482093811035,15
6.075198650360107,-0.013702074997127056,-12.057184219360352,15
7.76279354095459,0.00811654794961214,-12.822770118713379,15
9.433752059936523,0.08360264450311661,-13.542299270629883,15
11.077951431274414,0.20801487565040588,-14.198751449584961,15
12.686260223388672,0.37504199147224426,-14.777318954467773,15
14.250648498535156,0.5771848559379578,-15.266681671142578,15
15.764421463012695,0.8060853481292725,-15.660053253173828,15
17.222023010253906,1.0529212951660156,-15.955754280090332,15
18.619117736816406,1.3089698553085327,-16.157438278198242,15
19.952178955078125,1.5659499168395996,-16.27359962463379,15
21.21830177307129,1.8165159225463867,-16.31691551208496,15
22.414873123168945,2.054577112197876,-16.303508758544922,15
23.53937530517578,2.2755463123321533,-16.251720428466797,15
24.589256286621094,2.476315498352051,-16.180927276611328,15
25.56195640563965,2.6552059650421143,-16.110139846801758,15
26.454885482788086,2.811641216278076,-16.05729103088379,15
27.2657527923584,2.9457430839538574,-16.038673400878906,15
27.99259376525879,3.05802321434021,-16.068449020385742,15
28.634239196777344,3.1490910053253174,-16.15834617614746,15
29.190444946289062,3.2194013595581055,-16.317276000976562,15
29.66241455078125,3.269207715988159,-16.55128288269043,15
30.05293846130371,3.298523187637329,-16.863550186157227,15
30.366724014282227,3.307209014892578,-17.25445556640625,15
30.61016845703125,3.2952990531921387,-17.721168518066406,15
30.79128074645996,3.263140916824341,-18.257259368896484,15
30.919126510620117,3.2118704319000244,-18.852445602416992,15
31.00336265563965,3.1435165405273438,-19.492456436157227,15
31.05365562438965,3.061204671859741,-20.159963607788086,15
31.079133987426758,2.969022512435913,-20.83543586730957,15
31.088001251220703,2.8718903064727783,-21.49850845336914,15
31.087148666381836,2.7751595973968506,-22.12956428527832,15
31.081947326660156,2.6842193603515625,-22.710472106933594,15
31.075908660888672,2.6042425632476807,-23.22532844543457,15
31.070640563964844,2.539820671081543,-23.660266876220703,15
31.065898895263672,2.494804620742798,-24.003149032592773,15
31.059560775756836,2.4722588062286377,-24.243404388427734,15
31.048046112060547,2.4744551181793213,-24.371614456176758,15
31.026756286621094,2.5028488636016846,-24.379812240600586,15
30.99053192138672,2.5581135749816895,-24.26190757751465,15
30.93438148498535,2.640092372894287,-24.01462173461914,15
30.853927612304688,2.7477009296417236,-23.638700485229492,15
30.745994567871094,2.878934860229492,-23.13982582092285,15
30.608936309814453,3.030919075012207,-22.529380798339844,15
30.44256591796875,3.2001774311065674,-21.824527740478516,15
30.247947692871094,3.3829891681671143,-21.04738426208496,15
30.02669334411621,3.575868606567383,-20.22320556640625,15
29.7801570892334,3.776099443435669,-19.378196716308594,15
29.508562088012695,3.9820923805236816,-18.53682518005371,15
29.210390090942383,4.1935882568359375,-17.71994400024414,15
28.88227081298828,4.411545753479004,-16.943496704101562,15
28.519275665283203,4.637772083282471,-16.217832565307617,15
28.115781784057617,4.874363422393799,-15.547684669494629,15
27.66636848449707,5.123023509979248,-14.932308197021484,15
27.16695785522461,5.384344100952148,-14.366715431213379,15
26.615652084350586,5.657346248626709,-13.842996597290039,15
26.01321029663086,5.939090251922607,-13.351587295532227,15
25.363008499145508,6.224872589111328,-12.882906913757324,15
24.670570373535156,6.50863790512085,-12.4288969039917,15
23.942943572998047,6.783645153045654,-11.983670234680176,15
23.18765640258789,7.043241024017334,-11.544265747070312,15
22.41195297241211,7.2815937995910645,-11.110292434692383,15
21.622024536132812,7.494207382202148,-10.683713912963867,15
20.82274055480957,7.67817497253418,-10.268324851989746,15
20.01751708984375,7.832185745239258,-9.868790626525879,15
19.20822525024414,7.956377029418945,-9.489985466003418,15
18.395444869995117,8.051956176757812,-9.135957717895508,15
17.578876495361328,8.120864868164062,-8.80946159362793,15
16.757680892944336,8.165323257446289,-8.511621475219727,15
15.930929183959961,8.18757152557373,-8.242265701293945,15
15.098340034484863,8.189620971679688,-8.00014591217041,15
14.260381698608398,8.17314338684082,-7.7833051681518555,15
13.418667793273926,8.139603614807129,-7.589665412902832,15
12.575884819030762,8.090314865112305,-7.416901588439941,15
11.735593795776367,8.02662467956543,-7.262634754180908,15
10.901784896850586,7.950113773345947,-7.124187469482422,15
10.078428268432617,7.862696170806885,-6.998271942138672,15
9.268885612487793,7.766549110412598,-6.880680084228516,15
8.475493431091309,7.664057731628418,-6.766376972198486,15
7.699253082275391,7.557687282562256,-6.649678707122803,15
6.93988561630249,7.449728965759277,-6.524644374847412,15
6.195799827575684,7.342228889465332,-6.385715007781982,15
5.464292526245117,7.236968040466309,-6.228365898132324,15
4.741858005523682,7.135377407073975,-6.049295902252197,15
4.024287700653076,7.038678169250488,-5.846762657165527,15
3.307074785232544,6.94804573059082,-5.620308876037598,15
2.585547685623169,6.864598751068115,-5.370644569396973,15
1.8552457094192505,6.789445877075195,-5.099584102630615,15
1.1123809814453125,6.723672866821289,-4.809869289398193,15
0.3540651202201843,6.668160915374756,-4.505289554595947,15
-0.42112255096435547,6.623465061187744,-4.190865993499756,15
-1.2128921747207642,6.5896830558776855,-3.872924327850342,15
-2.0187721252441406,6.566366672515869,-3.559061288833618,15
-2.834340810775757,6.552690029144287,-3.257920265197754,15
-3.6531829833984375,6.547362327575684,-2.978193998336792,15
-4.46748161315918,6.549009799957275,-2.728017568588257,15
-5.268693447113037,6.556209087371826,-2.5138208866119385,15
-6.048222541809082,6.567568778991699,-2.339738130569458,15
-6.798365592956543,6.581895351409912,-2.2071421146392822,15
-7.512844562530518,6.598040580749512,-2.114748477935791,15
-8.187384605407715,6.614970684051514,-2.058852195739746,15
-8.81999397277832,6.631410598754883,-2.0340874195098877,15
-9.410868644714355,6.6459150314331055,-2.033973217010498,15
-9.962116241455078,6.656702995300293,-2.0514235496520996,15
-10.477351188659668,6.661581039428711,-2.079310655593872,15
-10.960699081420898,6.658053874969482,-2.1105782985687256,15
-11.415971755981445,6.643257141113281,-2.138913869857788,15
-11.845611572265625,6.614193916320801,-2.1591644287109375,15
-12.249638557434082,6.567770004272461,-2.1679606437683105,16
-12.624893188476562,6.5009870529174805,-2.164229393005371,16
-12.964539527893066,6.411054611206055,-2.149578809738159,16
-13.257983207702637,6.295526027679443,-2.128249168395996,16
-13.491260528564453,6.152326583862305,-2.107086658477783,16
-13.647790908813477,5.979737758636475,-2.0948572158813477,16
-13.709568977355957,5.7763447761535645,-2.101547956466675,16
-13.658394813537598,5.540976524353027,-2.1374895572662354,16
-13.47734260559082,5.272609233856201,-2.212557077407837,16
-13.152029991149902,4.9706220626831055,-2.3352110385894775,16
-12.671631813049316,4.634953498840332,-2.5123519897460938,16
-12.029609680175781,4.266623020172119,-2.7494993209838867,16
-11.223793983459473,3.8683412075042725,-3.051285982131958,16
-10.256436347961426,3.444950819015503,-3.4222772121429443,16
-9.133755683898926,3.0037355422973633,-3.8673717975616455,16
-7.865382671356201,2.5544047355651855,-4.391862392425537,16
-6.4637250900268555,2.1086225509643555,-5.001020431518555,16
-4.943226337432861,1.6793311834335327,-5.698878765106201,16
-3.3198401927948,1.2797752618789673,-6.486918926239014,16
-1.6104224920272827,0.9226588010787964,-7.361942291259766,16
0.16745266318321228,0.6192464828491211,-8.31458568572998,16
1.995848536491394,0.3786482810974121,-9.32783317565918,16
3.856707811355591,0.2075141966342926,-10.376839637756348,16
5.73222017288208,0.10958287864923477,-11.43041706085205,16
7.6055426597595215,0.08565870672464371,-12.454421997070312,16
9.461546897888184,0.1335425227880478,-13.415804862976074,16
11.286949157714844,0.24824050068855286,-14.286049842834473,16
13.070624351501465,0.4224119186401367,-15.043305397033691,16
14.803065299987793,0.6468847393989563,-15.67338752746582,16
16.47622299194336,0.9112864136695862,-16.16990089416504,16
18.083114624023438,1.204520344734192,-16.534000396728516,16
19.617570877075195,1.5153931379318237,-16.773746490478516,16
21.073997497558594,1.8329851627349854,-16.902990341186523,16
22.447214126586914,2.147303581237793,-16.93970489501953,16
23.73219871520996,2.4496049880981445,-16.904165267944336,16
24.92403221130371,2.7327804565429688,-16.8170223236084,16
26.01786994934082,2.9914426803588867,-16.698261260986328,16
27.0092716217041,3.221871852874756,-16.566762924194336,16
27.89438247680664,3.4216816425323486,-16.44037437438965,16
28.67017364501953,3.5896828174591064,-16.335697174072266,16
29.334674835205078,3.725456714630127,-16.267532348632812,16
29.887121200561523,3.829155206680298,-16.248619079589844,16
30.328195571899414,3.9011476039886475,-16.28938865661621,16
30.66038703918457,3.9417755603790283,-16.398052215576172,16
30.888246536254883,3.951124429702759,-16.580228805541992,16
31.018638610839844,3.929007053375244,-16.838590621948242,16
31.060773849487305,3.8750219345092773,-17.172565460205078,16
31.026208877563477,3.7888524532318115,-17.577972412109375,16
30.92856216430664,3.670640468597412,-18.04677963256836,16
30.78292465209961,3.5214550495147705,-18.567588806152344,16
30.605268478393555,3.3438222408294678,-19.12547492980957,16
30.411495208740234,3.142028570175171,-19.70277214050293,16
30.21661376953125,2.9222941398620605,-20.280189514160156,16
30.034046173095703,2.692593812942505,-20.838367462158203,16
29.874998092651367,2.462184190750122,-21.35930633544922,16
29.748004913330078,2.2409682273864746,-21.827735900878906,16
29.658597946166992,2.0388166904449463,-22.231857299804688,16
29.608930587768555,1.8648958206176758,-22.563060760498047,16
29.59800910949707,1.727141261100769,-22.815711975097656,16
29.621639251708984,1.6317988634109497,-22.986331939697266,16
29.67317008972168,1.583156943321228,-23.07342529296875,16
29.74414825439453,1.5833775997161865,-23.07699203491211,16
29.825273513793945,1.6324445009231567,-22.998565673828125,16
29.9072322845459,1.7283589839935303,-22.841096878051758,16
29.98128318786621,1.8673679828643799,-22.609067916870117,16
30.039960861206055,2.044416666030884,-22.308107376098633,16
30.077123641967773,2.2536938190460205,-21.945032119750977,16
30.08800506591797,2.4892609119415283,-21.526914596557617,16
30.068706512451172,2.7456960678100586,-21.060426712036133,16
30.015789031982422,3.018732786178589,-20.551115036010742,16
29.925617218017578,3.305586099624634,-20.00290870666504,16
29.79416275024414,3.6049602031707764,-19.41855812072754,16
29.61693000793457,3.9168927669525146,-18.80047607421875,16
29.38916015625,4.2422356605529785,-18.15150260925293,16
29.106281280517578,4.582049369812012,-17.47560691833496,16
28.764575958251953,4.936930179595947,-16.778165817260742,16
28.361604690551758,5.3064680099487305,-16.066055297851562,16
27.8966007232666,5.688815593719482,-15.346733093261719,16
27.37066650390625,6.080575466156006,-14.627418518066406,16
26.786476135253906,6.47689962387085,-13.91419792175293,16
26.148151397705078,6.871723175048828,-13.211724281311035,16
25.460634231567383,7.258296966552734,-12.523569107055664,16
24.729494094848633,7.629748821258545,-11.852484703063965,16
23.960296630859375,7.979676723480225,-11.200865745544434,16
23.158416748046875,8.302700996398926,-10.571211814880371,16
22.328792572021484,8.594836235046387,-9.966268539428711,16
21.475936889648438,8.853638648986816,-9.388996124267578,16
20.60385513305664,9.078075408935547,-8.842469215393066,16
19.71615982055664,9.26828384399414,-8.329561233520508,16
18.816070556640625,9.425182342529297,-7.852476596832275,16
17.90642738342285,9.550049781799316,-7.412139415740967,16
16.989727020263672,9.64416790008545,-7.007871150970459,16
16.068307876586914,9.708544731140137,-6.637186527252197,16
15.144484519958496,9.743828773498535,-6.296663761138916,16
14.220837593078613,9.7503080368042,-5.982861518859863,16
13.300297737121582,9.728105545043945,-5.693174839019775,16
12.386147499084473,9.677475929260254,-5.425933361053467,16
11.481790542602539,9.59912395477295,-5.180269241333008,16
10.590445518493652,9.494522094726562,-4.956160068511963,16
9.714813232421875,9.36601448059082,-4.7540812492370605,16
8.856757164001465,9.216903686523438,-4.574587345123291,16
8.016992568969727,9.051407814025879,-4.417680263519287,16
7.194802761077881,8.874411582946777,-4.282479763031006,16
6.388336181640625,8.69114875793457,-4.166917324066162,16
5.594676971435547,8.506905555725098,-4.067938327789307,16
4.810266017913818,8.326624870300293,-3.9817779064178467,16
4.031332969665527,8.15463924407959,-3.9043781757354736,16
3.254260540008545,7.994455337524414,-3.8317742347717285,16
2.4758856296539307,7.848698616027832,-3.7603490352630615,16
1.693674087524414,7.719029903411865,-3.687002658843994,16
0.9059507250785828,7.606259346008301,-3.609060525894165,16
0.11191080510616302,7.510424613952637,-3.5243327617645264,16
-0.6883475184440613,7.43084716796875,-3.4311649799346924,16
-1.4937421083450317,7.366310119628906,-3.3285775184631348,16
-2.302347183227539,7.314960956573486,-3.2163424491882324,16
-3.1112658977508545,7.274627208709717,-3.09501051902771,16
-3.9168877601623535,7.242797374725342,-2.966028928756714,16
-4.7150468826293945,7.216759204864502,-2.83139967918396,16
-5.501243591308594,7.1938796043396,-2.693499803543091,16
-6.270999908447266,7.171550750732422,-2.5547637939453125,16
-7.0202155113220215,7.147512435913086,-2.417567253112793,16
-7.745372295379639,7.119714260101318,-2.2841923236846924,16
-8.443856239318848,7.0862603187561035,-2.1569700241088867,16
-9.113973617553711,7.045380115509033,-2.038177013397217,16
-9.755095481872559,6.995290756225586,-1.9300475120544434,16
-10.367497444152832,6.934046268463135,-1.834718108177185,16
-10.952217102050781,6.859626293182373,-1.7538504600524902,16
-11.51058578491211,6.76984977722168,-1.6885216236114502,16
-12.043868064880371,6.662563323974609,-1.6391879320144653,16
-12.552657127380371,6.535806655883789,-1.6059480905532837,16
-13.03615665435791,6.388025760650635,-1.5889978408813477,16
-13.491641998291016,6.218411922454834,-1.5892916917800903,16
-13.913965225219727,6.027034282684326,-1.6092678308486938,17
-14.295303344726562,5.815102577209473,-1.6532235145568848,17
-14.625204086303711,5.584833145141602,-1.7274889945983887,17
-14.891063690185547,5.339432716369629,-1.8400800228118896,17
-15.078642845153809,5.082715034484863,-1.9999573230743408,17
-15.173084259033203,4.818650245666504,-2.2158615589141846,17
-15.1598539352417,4.550914287567139,-2.494849681854248,17
-15.025836944580078,4.282347202301025,-2.8411366939544678,17
-14.760197639465332,4.014683246612549,-3.255134344100952,17
-14.355010032653809,3.7486369609832764,-3.7332563400268555,17
-13.805623054504395,3.484039783477783,-4.2685675621032715,17
-13.11065673828125,3.2203402519226074,-4.851749897003174,17
-12.272143363952637,2.957211494445801,-5.4718828201293945,17
-11.295313835144043,2.6951866149902344,-6.116725444793701,17
-10.188490867614746,2.4359991550445557,-6.772922992706299,17
-8.962719917297363,2.182830333709717,-7.426420211791992,17
-7.631178379058838,1.9402048587799072,-8.063241004943848,17
-6.208598613739014,1.7138266563415527,-8.670896530151367,17
-4.710416793823242,1.5100213289260864,-9.239864349365234,17
-3.152005910873413,1.3352880477905273,-9.765071868896484,17
-1.547722339630127,1.1954487562179565,-10.246845245361328,17
0.08960695564746857,1.095155954360962,-10.69072437286377,17
1.7488224506378174,1.0374809503555298,-11.106046676635742,17
3.420257568359375,1.0235962867736816,-11.503551483154297,17
5.095448970794678,1.0527101755142212,-11.892838478088379,17
6.7667388916015625,1.1221435070037842,-12.280594825744629,17
8.42703914642334,1.2274587154388428,-12.669795036315918,17
10.06987476348877,1.3627784252166748,-13.059659004211426,17
11.689081192016602,1.5212688446044922,-13.446305274963379,17
13.278728485107422,1.695712685585022,-13.8232421875,17
14.832956314086914,1.8790262937545776,-14.182433128356934,17
16.34591293334961,2.064643144607544,-14.515357971191406,17
17.811840057373047,2.246870279312134,-14.814538955688477,17
19.225065231323242,2.4209225177764893,-15.07436752319336,17
20.580007553100586,2.583003282546997,-15.292088508605957,17
21.871158599853516,2.7303504943847656,-15.468009948730469,17
23.09300994873047,2.861175060272217,-15.605798721313477,17
24.24005699157715,2.974592447280884,-15.712058067321777,17
25.306840896606445,3.0705041885375977,-15.796106338500977,17
26.288124084472656,3.149324893951416,-15.869776725769043,17
27.17909049987793,3.2117512226104736,-15.947014808654785,17
27.9755802154541,3.2584238052368164,-16.043088912963867,17
28.674205780029297,3.2898192405700684,-16.17345428466797,17
29.272632598876953,3.306129217147827,-16.352251052856445,17
29.76978874206543,3.3072097301483154,-16.591279983520508,17
30.16642951965332,3.2925925254821777,-16.898828506469727,17
30.465383529663086,3.261489152908325,-17.279285430908203,17
30.67184829711914,3.2130072116851807,-17.73301887512207,17
30.793746948242188,3.1462724208831787,-18.256059646606445,17
30.841405868530273,3.0607688426971436,-18.840288162231445,17
30.827423095703125,2.956693410873413,-19.47353172302246,17
30.766096115112305,2.8352584838867188,-20.13982582092285,17
30.672740936279297,2.698885679244995,-20.820165634155273,17
30.562965393066406,2.5514614582061768,-21.493547439575195,17
30.451698303222656,2.398175001144409,-22.138084411621094,17
30.35230827331543,2.245400905609131,-22.73201560974121,17
30.27578353881836,2.1003642082214355,-23.254735946655273,17
30.229846954345703,1.9707084894180298,-23.687318801879883,17
30.218406677246094,1.8640122413635254,-24.013397216796875,17
30.241201400756836,1.787157654762268,-24.219743728637695,17
30.29416275024414,1.7457672357559204,-24.297264099121094,17
30.370025634765625,1.7436604499816895,-24.24191665649414,17
30.459270477294922,1.782551884651184,-24.055538177490234,17
30.551382064819336,1.8619328737258911,-23.74634552001953,17
30.635812759399414,1.9791823625564575,-23.328691482543945,17
30.7031307220459,2.130037307739258,-22.82209587097168,17
30.745365142822266,2.3091793060302734,-22.24991226196289,17
30.75638198852539,2.510906934738159,-21.636972427368164,17
30.73162269592285,2.729966402053833,-21.007389068603516,17
30.66770362854004,2.9621105194091797,-20.38214111328125,17
30.561786651611328,3.2044849395751953,-19.776996612548828,17
30.41107177734375,3.455746650695801,-19.20170021057129,17
30.212535858154297,3.7159194946289062,-18.659908294677734,17
29.962831497192383,3.985913038253784,-18.15017318725586,17
29.658727645874023,4.267025470733643,-17.667356491088867,17
29.2974853515625,4.56020975112915,-17.204021453857422,17
28.87740707397461,4.865663051605225,-16.751888275146484,17
28.398279190063477,5.182253837585449,-16.30270767211914,17
27.861574172973633,5.507416248321533,-15.848750114440918,17
27.27034568786621,5.837180137634277,-15.38362979888916,17
26.628963470458984,6.166386604309082,-14.902458190917969,17
25.94258689880371,6.489145278930664,-14.402314186096191,17
25.2166805267334,6.799371242523193,-13.88282585144043,17
24.45658302307129,7.091250896453857,-13.346390724182129,17
23.667203903198242,7.35970401763916,-12.798428535461426,17
22.85279655456543,7.600690841674805,-12.246878623962402,17
22.01679039001465,7.81130313873291,-11.701157569885254,17
21.161754608154297,7.989696502685547,-11.170660018920898,17
20.289295196533203,8.134995460510254,-10.663185119628906,17
19.400381088256836,8.247049331665039,-10.184361457824707,17
18.495460510253906,8.326210021972656,-9.73686408996582,17
17.57501792907715,8.373178482055664,-9.32070255279541,17
16.639928817749023,8.388773918151855,-8.933948516845703,17
15.692084312438965,8.37391185760498,-8.573921203613281,17
14.734574317932129,8.329590797424316,-8.238431930541992,17
13.771982192993164,8.256991386413574,-7.926379203796387,17
12.810038566589355,8.157706260681152,-7.638227939605713,17
11.855339050292969,8.033927917480469,-7.37557315826416,17
10.914763450622559,7.888622760772705,-7.14095401763916,17
9.994830131530762,7.725697040557861,-6.937272071838379,17
9.10118293762207,7.5498809814453125,-6.766870021820068,17
8.238049507141113,7.366685390472412,-6.631023406982422,17
7.407881259918213,7.182093143463135,-6.5294084548950195,17
6.611332416534424,7.002145767211914,-6.459713935852051,17
5.847099304199219,6.832729339599609,-6.417407512664795,17
5.111991882324219,6.679139614105225,-6.3958282470703125,17
4.401283264160156,6.545834541320801,-6.386144161224365,17
3.7089006900787354,6.4362473487854,-6.377861022949219,17
3.0280392169952393,6.352671146392822,-6.359368324279785,17
2.3516204357147217,6.296173572540283,-6.318799018859863,17
1.6729851961135864,6.266664505004883,-6.245159149169922,17
0.9864469766616821,6.262848377227783,-6.129455089569092,17
0.2878463864326477,6.2823100090026855,-5.96569299697876,17
-0.4251587390899658,6.321719169616699,-5.751777648925781,17
-1.1528706550598145,6.37705135345459,-5.489803314208984,17
-1.8936163187026978,6.443821907043457,-5.186037063598633,17
-2.6437828540802,6.517399311065674,-4.85042142868042,17
-3.398343801498413,6.593352794647217,-4.495975494384766,17
-4.151173114776611,6.667712688446045,-4.137481689453125,17
-4.8957743644714355,6.737185478210449,-3.7902021408081055,17
-5.625833988189697,6.799080848693848,-3.468449115753174,17
-6.335813045501709,6.851385593414307,-3.1844677925109863,17
-7.021358013153076,6.892635822296143,-2.947453498840332,17
-7.67957878112793,6.921584129333496,-2.7630486488342285,17
-8.30897331237793,6.937105655670166,-2.63279128074646,17
-8.909391403198242,6.9378767013549805,-2.5544114112854004,17
-9.481499671936035,6.922281265258789,-2.5222206115722656,17
-10.026036262512207,6.888439655303955,-2.528005838394165,17
-10.543027877807617,6.834121227264404,-2.562103271484375,17
-11.030950546264648,6.756992340087891,-2.61458158493042,17
-11.486098289489746,6.654767990112305,-2.676405191421509,18
-11.901946067810059,6.525490760803223,-2.74043869972229,18
-12.268926620483398,6.3677215576171875,-2.8022539615631104,18
-12.574772834777832,6.1806840896606445,-2.860783576965332,18
-12.804866790771484,5.964313983917236,-2.9183480739593506,18
-12.943389892578125,5.719220161437988,-2.9804482460021973,18
-12.974452018737793,5.446535587310791,-3.054865598678589,18
-12.8834810256958,5.147729396820068,-3.1507186889648438,18
-12.658438682556152,4.824492931365967,-3.277019739151001,18
-12.291025161743164,4.478757858276367,-3.4416730403900146,18
-11.7770414352417,4.112739562988281,-3.650947093963623,18
-11.116554260253906,3.729316473007202,-3.909715175628662,18
-10.313385963439941,3.3324663639068604,-4.22174072265625,18
-9.374619483947754,2.9275412559509277,-4.589956283569336,18
-8.309672355651855,2.5214054584503174,-5.016556262969971,18
-7.1295084953308105,2.1222963333129883,-5.5028910636901855,18
-5.845919609069824,1.7393784523010254,-6.04935359954834,18
-4.470966339111328,1.3821790218353271,-6.654474258422852,18
-3.0166988372802734,1.059985876083374,-7.314335823059082,18
-1.495033860206604,0.7812891006469727,-8.022156715393066,18
0.0822896733880043,0.5532531142234802,-8.768243789672852,18
1.7035900354385376,0.3815361559391022,-9.540440559387207,18
3.35697078704834,0.26989641785621643,-10.324662208557129,18
5.030193328857422,0.22017739713191986,-11.105457305908203,18
6.710657119750977,0.2321140468120575,-11.866657257080078,18
8.385599136352539,0.3033028244972229,-12.592025756835938,18
10.04247760772705,0.42916953563690186,-13.265947341918945,18
11.66943359375,0.6031944751739502,-13.874446868896484,18
13.255654335021973,0.817091166973114,-14.405960083007812,18
14.791661262512207,1.0612010955810547,-14.852200508117676,18
16.269668579101562,1.3250799179077148,-15.208462715148926,18
17.683237075805664,1.5980157852172852,-15.474101066589355,18
19.02733039855957,1.8696471452713013,-15.652009963989258,18
20.297718048095703,2.1305902004241943,-15.748891830444336,18
21.490907669067383,2.372847318649292,-15.774364471435547,18
22.603731155395508,2.5903139114379883,-15.740796089172363,18
23.633127212524414,2.778855562210083,-15.66245174407959,18
24.576141357421875,2.936452627182007,-15.554862976074219,18
25.429935455322266,3.062857151031494,-15.434761047363281,18
26.192092895507812,3.1592822074890137,-15.31960678100586,18
26.86083984375,3.2277755737304688,-15.227102279663086,18
27.435182571411133,3.2708537578582764,-15.174726486206055,18
27.91547966003418,3.2909882068634033,-15.178936004638672,18
28.303558349609375,3.290311336517334,-15.254868507385254,18
28.603116989135742,3.270378589630127,-15.415765762329102,18
28.820045471191406,3.2320404052734375,-15.672304153442383,18
28.96243667602539,3.175607204437256,-16.032012939453125,18
29.040485382080078,3.100996971130371,-16.497814178466797,18
29.066078186035156,3.008244514465332,-17.0672550201416,18
29.052209854125977,2.8979737758636475,-17.731151580810547,18
29.012248992919922,2.7718613147735596,-18.473541259765625,18
28.959264755249023,2.6330368518829346,-19.272457122802734,18
28.90522003173828,2.486171245574951,-20.10120964050293,18
28.860652923583984,2.337416648864746,-20.931007385253906,18
28.834203720092773,2.1938788890838623,-21.733333587646484,18
28.83249282836914,2.0630943775177,-22.482030868530273,18
28.859848022460938,1.9525130987167358,-23.154420852661133,18
28.91819190979004,1.8688400983810425,-23.731822967529297,18
29.00688362121582,1.8177847862243652,-24.199113845825195,18
29.12293243408203,1.8036205768585205,-24.544296264648438,18
29.261144638061523,1.8290917873382568,-24.758350372314453,18
29.41455078125,1.8952916860580444,-24.834978103637695,18
29.575071334838867,2.001603603363037,-24.77103042602539,18
29.734033584594727,2.1458215713500977,-24.566925048828125,18
29.88294792175293,2.324225664138794,-24.227230072021484,18
30.01401710510254,2.53183913230896,-23.761384963989258,18
30.12073516845703,2.7627813816070557,-23.183650970458984,18
30.19806671142578,3.010781764984131,-22.513078689575195,18
30.242380142211914,3.2696382999420166,-21.772403717041016,18
30.251197814941406,3.533878803253174,-20.986202239990234,18
30.22252082824707,3.7992048263549805,-20.1789608001709,18
30.154205322265625,4.062969207763672,-19.37299156188965,18
30.04346466064453,4.32413911819458,-18.586427688598633,18
29.88669776916504,4.58336877822876,-17.832971572875977,18
29.679658889770508,4.8426995277404785,-17.121566772460938,18
29.417972564697266,5.105040073394775,-16.456769943237305,18
29.097740173339844,5.373652935028076,-15.839391708374023,18
28.716293334960938,5.651573181152344,-15.267061233520508,18
28.27285385131836,5.940913677215576,-14.734790802001953,18
27.768877029418945,6.242466449737549,-14.235817909240723,18
27.208166122436523,6.555255889892578,-13.762378692626953,18
26.596580505371094,6.876584053039551,-13.306413650512695,18
25.941537857055664,7.20210075378418,-12.860523223876953,18
25.251489639282227,7.5262451171875,-12.418577194213867,18
24.535131454467773,7.8428850173950195,-11.976556777954102,18
23.80084800720215,8.145760536193848,-11.532814025878906,18
23.05620765686035,8.429070472717285,-11.088027954101562,18
22.30756950378418,8.687776565551758,-10.64492130279541,18
21.55983543395996,8.917905807495117,-10.207514762878418,18
20.816282272338867,9.116476058959961,-9.780211448669434,18
20.07852554321289,9.281468391418457,-9.36717700958252,18
19.346689224243164,9.411577224731445,-8.971879959106445,18
18.619487762451172,9.505958557128906,-8.596653938293457,18
17.894628524780273,9.564077377319336,-8.242684364318848,18
17.16905403137207,9.585612297058105,-7.9101881980896,18
16.439292907714844,9.570487976074219,-7.599079132080078,18
15.701933860778809,9.519026756286621,-7.309030532836914,18
14.953824996948242,9.432063102722168,-7.040274143218994,18
14.192268371582031,9.311202049255371,-6.793399810791016,18
13.415075302124023,9.158975601196289,-6.569377422332764,18
12.62047290802002,8.978821754455566,-6.369073390960693,18
11.80694580078125,8.775102615356445,-6.192681789398193,18
10.973123550415039,8.552884101867676,-6.03912353515625,18
10.117720603942871,8.317832946777344,-5.905590534210205,18
9.23949146270752,8.0758056640625,-5.787297248840332,18
8.337528228759766,7.832673072814941,-5.6774468421936035,18
7.411311149597168,7.593904972076416,-5.567842483520508,18
6.4611101150512695,7.364468574523926,-5.449530124664307,18
5.488186359405518,7.148468494415283,-5.313755512237549,18
4.495006561279297,6.949061393737793,-5.153165340423584,18
3.485208034515381,6.7685394287109375,-4.962808132171631,18
2.4636385440826416,6.608240604400635,-4.740816116333008,18
1.4361335039138794,6.468831539154053,-4.488593578338623,18
0.409138560295105,6.3503007888793945,-4.210522651672363,18
-0.6103887557983398,6.252170562744141,-3.913459300994873,18
-1.6154453754425049,6.173645496368408,-3.6061439514160156,18
-2.599243640899658,6.113598823547363,-3.2984495162963867,18
-3.55541729927063,6.070832252502441,-3.0004494190216064,18
-4.478482246398926,6.043941974639893,-2.7217555046081543,18
-5.364033222198486,6.031450271606445,-2.4707043170928955,18
-6.208981990814209,6.031660556793213,-2.253718852996826,18
-7.011772155761719,6.0426201820373535,-2.0750794410705566,18
-7.772325038909912,6.061986446380615,-1.936718463897705,18
-8.491899490356445,6.086878299713135,-1.8382971286773682,18
-9.17286491394043,6.113822937011719,-1.7774529457092285,18
-9.818167686462402,6.138721942901611,-1.749958872795105,18
-10.430794715881348,6.156926155090332,-1.7501957416534424,18
-11.013117790222168,6.163348197937012,-1.771538496017456,18
-11.566118240356445,6.152721881866455,-1.8066972494125366,18
-12.088837623596191,6.1199541091918945,-1.8482534885406494,18
-12.577701568603516,6.060448169708252,-1.889345407485962,18
-13.026396751403809,5.970308780670166,-1.924237847328186,18
-13.425652503967285,5.846644401550293,-1.9488978385925293,19
-13.763489723205566,5.687543869018555,-1.9617294073104858,19
-14.025788307189941,5.492091178894043,-1.9640480279922485,19
-14.196989059448242,5.260134220123291,-1.9603763818740845,19
-14.261247634887695,4.9921722412109375,-1.9580978155136108,19
-14.203436851501465,4.689115524291992,-1.9670965671539307,19
-14.010464668273926,4.352162837982178,-1.998964548110962,19
-13.67215347290039,3.9830093383789062,-2.066218376159668,19
-13.18197250366211,3.5839684009552,-2.1820037364959717,19
-12.537233352661133,3.1584386825561523,-2.359924554824829,19
-11.739083290100098,2.7113256454467773,-2.614156484603882,19
-10.792074203491211,2.249181032180786,-2.9593424797058105,19
-9.703688621520996,1.7803049087524414,-3.4103379249572754,19
-8.4835786819458,1.3142602443695068,-3.981503486633301,19
-7.142922401428223,0.8612905740737915,-4.685457706451416,19
-5.693875312805176,0.43166548013687134,-5.531095027923584,19
-4.149262428283691,0.03490108251571655,-6.5214128494262695,19
-2.522507429122925,-0.32062003016471863,-7.650650978088379,19
-0.8278241157531738,-0.6279510259628296,-8.902039527893066,19
0.9195849895477295,-0.8813961744308472,-10.246434211730957,19
2.7035398483276367,-1.0767146348953247,-11.64339542388916,19
4.507239818572998,-1.2107253074645996,-13.043883323669434,19
6.313831329345703,-1.2815393209457397,-14.394535064697266,19
8.10706901550293,-1.2885814905166626,-15.642781257629395,19
9.872244834899902,-1.2329719066619873,-16.741975784301758,19
11.596729278564453,-1.1177531480789185,-17.655900955200195,19
13.270378112792969,-0.9481925964355469,-18.36138916015625,19
14.88554859161377,-0.7316685914993286,-18.849576950073242,19
16.43674659729004,-0.4775197505950928,-19.125234603881836,19
17.92020606994629,-0.1964917629957199,-19.204988479614258,19
19.333354949951172,0.09986843168735504,-19.114356994628906,19
20.674121856689453,0.39997586607933044,-18.884990692138672,19
21.94056510925293,0.6928445100784302,-18.55152130126953,19
23.13054084777832,0.9688471555709839,-18.1494083404541,19
24.241497039794922,1.2200989723205566,-17.71319007873535,19
25.270633697509766,1.4408901929855347,-17.27522087097168,19
26.214906692504883,1.6277319192886353,-16.865032196044922,19
27.07132911682129,1.779170036315918,-16.508522033691406,19
27.837247848510742,1.8954910039901733,-16.2278995513916,19
28.5107479095459,1.9781111478805542,-16.041364669799805,19
29.09091567993164,2.029216766357422,-15.963144302368164,19
29.57831573486328,2.051177740097046,-16.003694534301758,19
29.975309371948242,2.046184539794922,-16.169994354248047,19
30.286373138427734,2.0159316062927246,-16.46559715270996,19
30.518190383911133,1.9615949392318726,-16.89055633544922,19
30.679550170898438,1.883860468864441,-17.44078254699707,19
30.780920028686523,1.7832319736480713,-18.107088088989258,19
30.83385467529297,1.6605558395385742,-18.87431526184082,19
30.850271224975586,1.5175235271453857,-19.720144271850586,19
30.841503143310547,1.357224941253662,-20.615476608276367,19
30.81790542602539,1.1844115257263184,-21.525625228881836,19
30.788320541381836,1.005510687828064,-22.41340446472168,19
30.7598934173584,0.8283356428146362,-23.242273330688477,19
30.738115310668945,0.6614310145378113,-23.979862213134766,19
30.726648330688477,0.5134503841400146,-24.600156784057617,19
30.72745704650879,0.39240020513534546,-25.08482551574707,19
30.74065589904785,0.3050442039966583,-25.423397064208984,19
30.764739990234375,0.2566514015197754,-25.612390518188477,19
30.79668426513672,0.2506689727306366,-25.65435028076172,19
30.832368850708008,0.2887135446071625,-25.55642318725586,19
30.86701202392578,0.37056437134742737,-25.329545974731445,19
30.895612716674805,0.4944094717502594,-24.98737144470215,19
30.913415908813477,0.6571903824806213,-24.5455322265625,19
30.916086196899414,0.8548680543899536,-24.020763397216797,19
30.899776458740234,1.0830696821212769,-23.430206298828125,19
30.861188888549805,1.3374378681182861,-22.790679931640625,19
30.797086715698242,1.614192247390747,-22.117717742919922,19
30.704158782958984,1.9103611707687378,-21.42478370666504,19
30.578500747680664,2.2240142822265625,-20.72260284423828,19
30.4156494140625,2.5542240142822266,-20.018688201904297,19
30.21060562133789,2.9008588790893555,-19.31753921508789,19
29.958282470703125,3.2642271518707275,-18.621129989624023,19
29.654132843017578,3.6445138454437256,-17.929943084716797,19
29.294708251953125,4.041220188140869,-17.243749618530273,19
28.878223419189453,4.45263671875,-16.562423706054688,19
28.40475845336914,4.875476360321045,-15.886443138122559,19
27.876432418823242,5.304781913757324,-15.217007637023926,19
27.297107696533203,5.734119415283203,-14.556424140930176,19
26.671934127807617,6.155923366546631,-13.90805435180664,19
26.006980895996094,6.56210470199585,-13.276277542114258,19
25.308408737182617,6.944582462310791,-12.666022300720215,19
24.582107543945312,7.295931339263916,-12.082326889038086,19
23.833023071289062,7.609780311584473,-11.52953815460205,19
23.0649356842041,7.88114595413208,-11.011106491088867,19
22.28032112121582,8.106551170349121,-10.529179573059082,19
21.480247497558594,8.284144401550293,-10.084373474121094,19
20.664552688598633,8.413597106933594,-9.675589561462402,19
19.832077026367188,8.495918273925781,-9.300125122070312,19
18.980854034423828,8.533246994018555,-8.953864097595215,19
18.108657836914062,8.528609275817871,-8.631868362426758,19
17.21336555480957,8.485631942749023,-8.328740119934082,19
16.29332733154297,8.408400535583496,-8.039397239685059,19
15.347687721252441,8.301191329956055,-7.759251117706299,19
14.3764009475708,8.168553352355957,-7.484612464904785,19
13.380199432373047,8.015101432800293,-7.21255350112915,19
12.360459327697754,7.845623016357422,-6.9409332275390625,19
11.318999290466309,7.664919376373291,-6.668132305145264,19
10.257790565490723,7.4777960777282715,-6.393264293670654,19
9.17915153503418,7.288951396942139,-6.116154193878174,19
8.085662841796875,7.102888107299805,-5.837766647338867,19
6.980319499969482,6.923698902130127,-5.560483932495117,19
5.866720199584961,6.75485897064209,-5.288243293762207,19
4.749146461486816,6.599208354949951,-5.026633262634277,19
3.6326181888580322,6.458784103393555,-4.782756805419922,19
2.5227644443511963,6.334913730621338,-4.5644121170043945,19
1.4255293607711792,6.228140830993652,-4.37910270690918,19
0.34677940607070923,6.138485431671143,-4.232677459716797,19
-0.7080855369567871,6.065463542938232,-4.12825345993042,19
-1.7345170974731445,6.008274078369141,-4.065402030944824,19
-2.7290470600128174,5.965916633605957,-4.039872169494629,19
-3.6892247200012207,5.937215805053711,-4.044031620025635,19
-4.613585472106934,5.920960426330566,-4.067633152008057,19
-5.501505374908447,5.915878772735596,-4.0992431640625,19
-6.352955341339111,5.9206132888793945,-4.127425670623779,19
-7.168278217315674,5.933657646179199,-4.1419677734375,19
-7.948114395141602,5.953293800354004,-4.1349687576293945,19
-8.693155288696289,5.977580547332764,-4.101390361785889,19
-9.40407943725586,6.004323482513428,-4.039339065551758,19
-10.081443786621094,6.0311055183410645,-3.9497451782226562,19
-10.725656509399414,6.055351734161377,-3.835799217224121,19
-11.336814880371094,6.074341773986816,-3.7020773887634277,19
-11.914642333984375,6.085227966308594,-3.55377459526062,19
-12.45806884765625,6.085043430328369,-3.3958590030670166,19
-12.965045928955078,6.07071590423584,-3.2328267097473145,19
-13.432096481323242,6.0391106605529785,-3.068511486053467,19
-13.853918075561523,5.987051486968994,-2.9062750339508057,19
-14.223193168640137,5.911474704742432,-2.7494781017303467,19
-14.530494689941406,5.809442043304443,-2.602048397064209,20
-14.764398574829102,5.678253650665283,-2.468799352645874,20
-14.911787033081055,5.515479564666748,-2.355755090713501,20
-14.958769798278809,5.318967342376709,-2.270176410675049,20
-14.891283988952637,5.086921691894531,-2.220072031021118,20
-14.696269035339355,4.817890167236328,-2.213700294494629,20
-14.362516403198242,4.5109076499938965,-2.259063959121704,20
-13.881702423095703,4.165890693664551,-2.3635153770446777,20
-13.248821258544922,3.7838573455810547,-2.533921480178833,20
-12.462507247924805,3.3676536083221436,-2.776810884475708,20
-11.524985313415527,2.9222710132598877,-3.098928689956665,20
-10.441658973693848,2.455111265182495,-3.5074682235717773,20
-9.220502853393555,1.9759718179702759,-4.010097503662109,20
-7.87145471572876,1.496476411819458,-4.614400863647461,20
-6.405757904052734,1.0293991565704346,-5.326809406280518,20
-4.835595607757568,0.5878259539604187,-6.15088415145874,20
-3.173863649368286,0.18426254391670227,-7.085418701171875,20
-1.4342669248580933,-0.1699153482913971,-8.122109413146973,20
0.368406742811203,-0.46504926681518555,-9.243529319763184,20
2.2182939052581787,-0.6932982206344604,-10.422659873962402,20
4.098626613616943,-0.8489671945571899,-11.62446117401123,20
5.99231481552124,-0.9286136031150818,-12.80898380279541,20
7.882547855377197,-0.9311078190803528,-13.935036659240723,20
9.753348350524902,-0.8578841686248779,-14.964003562927246,20
11.590188026428223,-0.7128289341926575,-15.863319396972656,20
13.380508422851562,-0.5023518204689026,-16.609086990356445,20
15.113943099975586,-0.2352914810180664,-17.187726974487305,20
16.782331466674805,0.07759089022874832,-17.596309661865234,20
18.37955093383789,0.423907071352005,-17.841581344604492,20
19.901020050048828,0.7904442548751831,-17.938467025756836,20
21.343297958374023,1.1638860702514648,-17.90776824951172,20
22.70355987548828,1.5315243005752563,-17.774391174316406,20
23.97925567626953,1.882039189338684,-17.565570831298828,20
25.16798973083496,2.2059621810913086,-17.309133529663086,20
26.267091751098633,2.496049642562866,-17.03241729736328,20
27.27376365661621,2.747314453125,-16.760730743408203,20
28.18503761291504,2.956836462020874,-16.516708374023438,20
28.998151779174805,3.1233346462249756,-16.32018280029297,20
29.71086883544922,3.246649742126465,-16.18773078918457,20
30.321914672851562,3.3273510932922363,-16.13296127319336,20
30.831350326538086,3.3663241863250732,-16.16615104675293,20
31.24095344543457,3.3645052909851074,-16.2945556640625,20
31.554655075073242,3.3227579593658447,-16.522239685058594,20
31.778593063354492,3.241886854171753,-16.850265502929688,20
31.92127799987793,3.1228301525115967,-17.27630043029785,20
31.993093490600586,2.967019557952881,-17.793842315673828,20
32.00596237182617,2.776804208755493,-18.391830444335938,20
31.972545623779297,2.555941343307495,-19.05469512939453,20
31.90545654296875,2.309979200363159,-19.7625789642334,20
31.81647300720215,2.0465123653411865,-20.49204444885254,20
31.71583366394043,1.7750638723373413,-21.21705436706543,20
31.61187171936035,1.5067726373672485,-21.91069984436035,20
31.51077651977539,1.2537665367126465,-22.546911239624023,20
31.416622161865234,1.0283116102218628,-23.102170944213867,20
31.331331253051758,0.8418881297111511,-23.556421279907227,20
31.254919052124023,0.7043569087982178,-23.89382553100586,20
31.185697555541992,0.6233391165733337,-24.102975845336914,20
31.12061882019043,0.603602945804596,-24.176931381225586,20
31.055892944335938,0.6468424201011658,-24.113615036010742,20
30.987625122070312,0.7516294717788696,-23.916065216064453,20
30.912263870239258,0.9135963916778564,-23.592910766601562,20
30.82717514038086,1.1259816884994507,-23.1582088470459,20
30.73065757751465,1.3802310228347778,-22.6309757232666,20
30.621681213378906,1.6669975519180298,-22.03383445739746,20
30.499454498291016,1.9770842790603638,-21.39093589782715,20
30.362672805786133,2.302324056625366,-20.725393295288086,20
30.2087345123291,2.6363115310668945,-20.056941986083984,20
30.033411026000977,2.9747798442840576,-19.399934768676758,20
29.83082389831543,3.31569766998291,-18.762653350830078,20
29.593902587890625,3.6590676307678223,-18.14741325378418,20
29.31521987915039,4.00638484954834,-17.55161476135254,20
28.988012313842773,4.36005973815918,-16.9691162109375,20
28.6070613861084,4.722537040710449,-16.3916015625,20
28.169363021850586,5.095585346221924,-15.810274124145508,20
27.674562454223633,5.479513645172119,-15.217521667480469,20
27.124942779541016,5.872765064239502,-14.608159065246582,20
26.524999618530273,6.271701335906982,-13.980770111083984,20
25.88087272644043,6.670889377593994,-13.3380765914917,20
25.199628829956055,7.063551425933838,-12.686891555786133,20
24.488452911376953,7.442283630371094,-12.037089347839355,20
23.753921508789062,7.7997260093688965,-11.400408744812012,20
23.001495361328125,8.129096031188965,-10.788690567016602,20
22.235321044921875,8.424558639526367,-10.21268367767334,20
21.458227157592773,8.681471824645996,-9.681038856506348,20
20.671621322631836,8.8963623046875,-9.199795722961426,20
19.875947952270508,9.066886901855469,-8.772172927856445,20
19.070688247680664,9.19170093536377,-8.39852523803711,20
18.254823684692383,9.27027416229248,-8.076650619506836,20
17.427108764648438,9.302908897399902,-7.802508354187012,20
16.586383819580078,9.290549278259277,-7.570732116699219,20
15.732034683227539,9.23488998413086,-7.375548839569092,20
14.864154815673828,9.138422012329102,-7.211240291595459,20
13.983675003051758,9.004495620727539,-7.072634220123291,20
13.092164993286133,8.837397575378418,-6.95504903793335,20
12.191720962524414,8.642330169677734,-6.854006767272949,20
11.284632682800293,8.425256729125977,-6.7647576332092285,20
10.372976303100586,8.192773818969727,-6.681980133056641,20
9.458499908447266,7.951781272888184,-6.5994391441345215,20
8.542460441589355,7.709120273590088,-6.509915351867676,20
7.6256279945373535,7.471279144287109,-6.405531883239746,20
6.708402633666992,7.243987560272217,-6.278164863586426,20
5.790925025939941,7.032059192657471,-6.120306491851807,20
4.873340606689453,6.839100360870361,-5.925872802734375,20
3.9558513164520264,6.66761589050293,-5.691213607788086,20
3.038991689682007,6.519011974334717,-5.415445804595947,20
2.123617172241211,6.393711566925049,-5.100997447967529,20
1.2111393213272095,6.291329860687256,-4.753620147705078,20
0.3035120368003845,6.210775375366211,-4.382231712341309,20
-0.5965926051139832,6.150444030761719,-3.9985737800598145,20
-1.4859665632247925,6.10816764831543,-3.6162593364715576,20
-2.3609747886657715,6.081506252288818,-3.2497220039367676,20
-3.2177963256835938,6.0678019523620605,-2.912907361984253,20
-4.052762508392334,6.064216613769531,-2.618112802505493,20
-4.862597465515137,6.067949295043945,-2.3750040531158447,20
-5.644717216491699,6.076249122619629,-2.1900765895843506,20
-6.397428035736084,6.086520671844482,-2.066307544708252,20
-7.120051383972168,6.096335411071777,-2.003369092941284,20
-7.8130011558532715,6.103368759155273,-1.9979709386825562,20
-8.477702140808105,6.105346202850342,-2.044569730758667,20
-9.116375923156738,6.100004196166992,-2.13577938079834,20
-9.731831550598145,6.084860801696777,-2.2631449699401855,20
-10.327141761779785,6.057235240936279,-2.417454719543457,20
-10.905214309692383,6.014217376708984,-2.5891904830932617,20
-11.468154907226562,5.952696800231934,-2.7687437534332275,20
-12.016680717468262,5.869521141052246,-2.946775436401367,20
-12.549382209777832,5.761739730834961,-3.114741563796997,20
-13.06210708618164,5.626812934875488,-3.2653167247772217,20
-13.54739761352539,5.462893962860107,-3.393052577972412,21
-13.99422550201416,5.269011497497559,-3.494699239730835,21
-14.388111114501953,5.0451836585998535,-3.5697715282440186,21
-14.71142292022705,4.792428970336914,-3.6206517219543457,21
-14.944165229797363,4.512619972229004,-3.6527822017669678,21
-15.065035820007324,4.208343982696533,-3.6741743087768555,21
-15.052830696105957,3.8825509548187256,-3.6948633193969727,21
-14.888031005859375,3.5384254455566406,-3.725663661956787,21
-14.554277420043945,3.1792383193969727,-3.7772443294525146,21
-14.039603233337402,2.80838680267334,-3.8596651554107666,21
-13.3369779586792,2.429687976837158,-3.98231840133667,21
-12.444558143615723,2.0478012561798096,-4.154356956481934,21
-11.365317344665527,1.6686646938323975,-4.385014533996582,21
-10.106612205505371,1.2998459339141846,-4.68369722366333,21
-8.679368019104004,0.950503945350647,-5.05956506729126,21
-7.097329139709473,0.6311488747596741,-5.520755290985107,21
-5.376394271850586,0.35282933712005615,-6.073154449462891,21
-3.5339226722717285,0.12647710740566254,-6.71928596496582,21
-1.5882441997528076,-0.038064222782850266,-7.457067966461182,21
0.4416820704936981,-0.1330253630876541,-8.278816223144531,21
2.5364553928375244,-0.15331022441387177,-9.170692443847656,21
4.6765828132629395,-0.09709111601114273,-10.11340618133545,21
6.842858791351318,0.03385118767619133,-11.08378791809082,21
9.016633987426758,0.23413990437984467,-12.056635856628418,21
11.18002986907959,0.49528059363365173,-13.006281852722168,21
13.315959930419922,0.8060030341148376,-13.907934188842773,21
15.408247947692871,1.1529492139816284,-14.739426612854004,21
17.44175910949707,1.5213171243667603,-15.482579231262207,21
19.402389526367188,1.8956184387207031,-16.12424087524414,21
21.277042388916016,2.260502815246582,-16.65688705444336,21
23.053550720214844,2.601548671722412,-17.07890510559082,21
24.720844268798828,2.9061522483825684,-17.394512176513672,21
26.268817901611328,3.164182424545288,-17.613340377807617,21
27.688589096069336,3.3685202598571777,-17.749439239501953,21
28.972597122192383,3.5154836177825928,-17.820348739624023,21
30.11485481262207,3.6047651767730713,-17.84590721130371,21
31.111082077026367,3.639256238937378,-17.847352981567383,21
31.959186553955078,3.6244654655456543,-17.846323013305664,21
32.659332275390625,3.567688465118408,-17.863767623901367,21
33.214054107666016,3.4772231578826904,-17.919090270996094,21
33.62820053100586,3.3614909648895264,-18.028881072998047,21
33.9088249206543,3.2284483909606934,-18.205842971801758,21
34.064964294433594,3.08500075340271,-18.45789337158203,21
34.10744094848633,2.936743974685669,-18.78775978088379,21
34.04866027832031,2.7878456115722656,-19.192628860473633,21
33.90242004394531,2.6412248611450195,-19.66421890258789,21
33.68354415893555,2.4987998008728027,-20.189380645751953,21
33.40776062011719,2.361971378326416,-20.750751495361328,21
33.091278076171875,2.232036590576172,-21.328105926513672,21
32.750267028808594,2.1105360984802246,-21.899497985839844,21
32.40065002441406,1.999600887298584,-22.442766189575195,21
32.05718231201172,1.9020085334777832,-22.936485290527344,21
31.733123779296875,1.8212138414382935,-23.360918045043945,21
31.4394588470459,1.7612072229385376,-23.698741912841797,21
31.184465408325195,1.7261347770690918,-23.93549156188965,21
30.973142623901367,1.720017433166504,-24.060115814208984,21
30.807035446166992,1.7463116645812988,-24.06565284729004,21
30.684246063232422,1.8075634241104126,-23.94951057434082,21
30.599777221679688,1.9051806926727295,-23.713714599609375,21
30.54633140563965,2.0391619205474854,-23.365041732788086,21
30.51515007019043,2.20811128616333,-22.91503143310547,21
30.497190475463867,2.4093101024627686,-22.379426956176758,21
30.483854293823242,2.6389195919036865,-21.77771759033203,21
30.46773910522461,2.8923351764678955,-21.131799697875977,21
30.44285011291504,3.164577007293701,-20.464590072631836,21
30.404434204101562,3.4507176876068115,-19.798171997070312,21
30.348514556884766,3.746324300765991,-19.151813507080078,21
30.271255493164062,4.047839164733887,-18.540180206298828,21
30.16814613342285,4.3527326583862305,-17.97184181213379,21
30.033540725708008,4.659567832946777,-17.448843002319336,21
29.860654830932617,4.967757225036621,-16.967514038085938,21
29.641809463500977,5.277198314666748,-16.519851684570312,21
29.36905860900879,5.587716102600098,-16.095561981201172,21
29.035202026367188,5.898603439331055,-15.683656692504883,21
28.6345157623291,6.208222389221191,-15.274157524108887,21
28.163524627685547,6.513706207275391,-14.858858108520508,21
27.621400833129883,6.8110504150390625,-14.432222366333008,21
27.010122299194336,7.09538459777832,-13.991494178771973,21
26.33436393737793,7.3614115715026855,-13.536966323852539,21
25.60089874267578,7.604096412658691,-13.071756362915039,21
24.818092346191406,7.819095611572266,-12.601435661315918,21
23.99506378173828,8.003317832946777,-12.133047103881836,21
23.14107894897461,8.154929161071777,-11.674321174621582,21
22.264944076538086,8.273445129394531,-11.232881546020508,21
21.374570846557617,8.359374046325684,-10.815531730651855,21
20.476486206054688,8.413925170898438,-10.42763900756836,21
19.575672149658203,8.438703536987305,-10.072547912597656,21
18.67538833618164,8.435452461242676,-9.75158405303955,21
17.77745246887207,8.405760765075684,-9.463909149169922,21
16.882455825805664,8.351042747497559,-9.207051277160645,21
15.99025821685791,8.272581100463867,-8.9772310256958,21
15.100696563720703,8.171590805053711,-8.770158767700195,21
14.21385669708252,8.049471855163574,-8.58177375793457,21
13.330522537231445,7.908014297485352,-8.408669471740723,21
12.45213794708252,7.7495198249816895,-8.248018264770508,21
11.58071231842041,7.576935291290283,-8.097400665283203,21
10.71831226348877,7.393843650817871,-7.954699516296387,21
9.866991996765137,7.204352855682373,-7.817629814147949,21
9.028156280517578,7.0128350257873535,-7.683637619018555,21
8.202432632446289,6.82377815246582,-7.549632549285889,21
7.389391899108887,6.641488075256348,-7.411871910095215,21
6.587508201599121,6.470000743865967,-7.2660627365112305,21
5.7942023277282715,6.312744617462158,-7.107542514801025,21
5.005919933319092,6.172574520111084,-6.931661605834961,21
4.218485355377197,6.051562309265137,-6.734225749969482,21
3.4272983074188232,5.950981616973877,-6.512030601501465,21
2.627711057662964,5.871214866638184,-6.263245582580566,21
1.8155163526535034,5.8118109703063965,-5.987875938415527,21
0.9873438477516174,5.771420955657959,-5.6880950927734375,21
0.14119264483451843,5.747918605804443,-5.368386268615723,21
-0.7232053875923157,5.738534450531006,-5.035490989685059,21
-1.6041247844696045,5.7400383949279785,-4.698031425476074,21
-2.497833728790283,5.748918533325195,-4.366140365600586,21
-3.398620367050171,5.761728763580322,-4.0503973960876465,21
-4.299256324768066,5.775222301483154,-3.7610254287719727,21
-5.191508769989014,5.786643981933594,-3.506916046142578,21
-6.0666937828063965,5.793729782104492,-3.294804096221924,21
-6.916423797607422,5.794791221618652,-3.1289279460906982,21
-7.733123779296875,5.788434982299805,-3.0108649730682373,21
-8.510430335998535,5.773612022399902,-2.939636707305908,21
-9.243398666381836,5.749258518218994,-2.9120726585388184,21
-9.928437232971191,5.714205265045166,-2.9231765270233154,21
-10.56314754486084,5.667132377624512,-2.9665708541870117,21
-11.145812034606934,5.606361389160156,-3.034872055053711,21
-11.674997329711914,5.530021667480469,-3.120190382003784,21
-12.148889541625977,5.436070919036865,-3.214364767074585,21
-12.564595222473145,5.322409629821777,-3.3094046115875244,21
-12.917757034301758,5.187015056610107,-3.3981082439422607,21
-13.201984405517578,5.028085231781006,-3.474435806274414,22
-13.408760070800781,4.84409236907959,-3.534489393234253,22
-13.527521133422852,4.633805751800537,-3.5768046379089355,22
-13.546180725097656,4.396346569061279,-3.602811336517334,22
-13.451918601989746,4.131160736083984,-3.616842269897461,22
-13.232163429260254,3.8379721641540527,-3.625798225402832,22
-12.875778198242188,3.5169577598571777,-3.6387789249420166,22
-12.373889923095703,3.1688358783721924,-3.6667041778564453,22
-11.720810890197754,2.795125961303711,-3.722271680831909,22
-10.91423511505127,2.3987154960632324,-3.8196308612823486,22
-9.955548286437988,1.984053611755371,-3.9743919372558594,22
-8.849489212036133,1.5577573776245117,-4.20308256149292,22
-7.603814125061035,1.128340244293213,-4.522629261016846,22
-6.228583335876465,0.70616215467453,-4.949125289916992,22
-4.735567569732666,0.3027177155017853,-5.496151447296143,22
-3.137693166732788,-0.07002569735050201,-6.1727399826049805,22
-1.4485912322998047,-0.4004047214984894,-6.981327533721924,22
0.31752049922943115,-0.6778634190559387,-7.915919303894043,22
2.1460161209106445,-0.8934739828109741,-8.960944175720215,22
4.021767616271973,-1.0404443740844727,-10.091146469116211,22
5.929118633270264,-1.1143536567687988,-11.272912979125977,22
7.851980209350586,-1.1132314205169678,-12.466630935668945,22
9.77399730682373,-1.03753662109375,-13.62936782836914,22
11.678866386413574,-0.8901048898696899,-14.718425750732422,22
13.550786018371582,-0.6761122345924377,-15.694954872131348,22
15.375107765197754,-0.4030582904815674,-16.527437210083008,22
17.138761520385742,-0.08066601306200027,-17.194137573242188,22
18.830699920654297,0.2794599235057831,-17.68451499938965,22
20.44182777404785,0.6642923355102539,-17.999515533447266,22
21.96506690979004,1.0600438117980957,-18.150390625,22
23.394853591918945,1.4529746770858765,-18.157066345214844,22
24.72690773010254,1.830199122428894,-18.045812606811523,22
25.95758819580078,2.1804051399230957,-17.84682846069336,22
27.083675384521484,2.49446439743042,-17.59189796447754,22
28.102060317993164,2.765718936920166,-17.31265640258789,22
29.009868621826172,2.9900760650634766,-17.03936195373535,22
29.804622650146484,3.165733814239502,-16.80010414123535,22
30.48442840576172,3.292929172515869,-16.619783401489258,22
31.048431396484375,3.3733973503112793,-16.519344329833984,22
31.497089385986328,3.4099466800689697,-16.51494598388672,22
31.832748413085938,3.4059643745422363,-16.617660522460938,22
32.06009292602539,3.364999294281006,-16.833478927612305,22
32.18653869628906,3.290379047393799,-17.16315269470215,22
32.22257995605469,3.185171365737915,-17.602277755737305,22
32.18144226074219,3.052269220352173,-18.14143180847168,22
32.07890319824219,2.894636392593384,-18.765947341918945,22
31.932384490966797,2.7158117294311523,-19.456235885620117,22
31.760168075561523,2.5203428268432617,-20.188220977783203,22
31.58014488220215,2.3140926361083984,-20.93421745300293,22
31.40892791748047,2.1045596599578857,-21.664623260498047,22
31.2609806060791,1.90059232711792,-22.350004196166992,22
31.14787483215332,1.7120405435562134,-22.962692260742188,22
31.077678680419922,1.5492528676986694,-23.478607177734375,22
31.05450439453125,1.4222564697265625,-23.877792358398438,22
31.078210830688477,1.3401252031326294,-24.144838333129883,22
31.144351959228516,1.3101561069488525,-24.269020080566406,22
31.24492835998535,1.337336540222168,-24.244651794433594,22
31.369121551513672,1.4237899780273438,-24.071741104125977,22
31.504558563232422,1.5685902833938599,-23.75641632080078,22
31.638620376586914,1.7679321765899658,-23.31106185913086,22
31.75936508178711,2.015366554260254,-22.753679275512695,22
31.856462478637695,2.302626609802246,-22.107200622558594,22
31.921613693237305,2.6203296184539795,-21.398210525512695,22
31.948476791381836,2.9589946269989014,-20.655025482177734,22
31.932357788085938,3.3100414276123047,-19.905351638793945,22
31.869539260864258,3.6666555404663086,-19.173564910888672,22
31.756834030151367,4.02427339553833,-18.47825050354004,22
31.591154098510742,4.380833625793457,-17.831008911132812,22
31.369449615478516,4.736488342285156,-17.235681533813477,22
31.08896255493164,5.093226432800293,-16.689260482788086,22
30.747697830200195,5.453946113586426,-16.18317413330078,22
30.344881057739258,5.821684837341309,-15.705070495605469,22
29.881343841552734,6.198732376098633,-15.240455627441406,22
29.359588623046875,6.585916996002197,-14.774553298950195,22
28.78370475769043,6.9822587966918945,-14.294035911560059,22
28.15903663635254,7.384653568267822,-13.788564682006836,22
27.491769790649414,7.788046360015869,-13.252604484558105,22
26.788429260253906,8.18575668334961,-12.686235427856445,22
26.055389404296875,8.57005786895752,-12.095269203186035,22
25.2983455657959,8.932744979858398,-11.489897727966309,22
24.52192497253418,9.265840530395508,-10.88248348236084,22
23.729360580444336,9.562071800231934,-10.285745620727539,22
22.92254638671875,9.815225601196289,-9.710981369018555,22
22.102041244506836,10.020486831665039,-9.167031288146973,22
21.267295837402344,10.174454689025879,-8.659753799438477,22
20.417037963867188,10.275278091430664,-8.191977500915527,22
19.54966163635254,10.322612762451172,-7.763627529144287,22
18.663862228393555,10.317537307739258,-7.372413158416748,22
17.758941650390625,10.262434959411621,-7.014766693115234,22
16.835546493530273,10.16068172454834,-6.6869659423828125,22
15.895634651184082,10.01661491394043,-6.3861284255981445,22
14.94265079498291,9.835268020629883,-6.110701084136963,22
13.981218338012695,9.622197151184082,-5.860884666442871,22
13.016592979431152,9.383434295654297,-5.638449192047119,22
12.054227828979492,9.125346183776855,-5.446268558502197,22
11.099030494689941,8.85453987121582,-5.2878336906433105,22
10.155035972595215,8.577616691589355,-5.166369915008545,22
9.2249116897583,8.301048278808594,-5.084054946899414,22
8.309856414794922,8.030914306640625,-5.041103363037109,22
7.409420013427734,7.772740840911865,-5.035119533538818,22
6.521656513214111,7.531219959259033,-5.06073522567749,22
5.64338493347168,7.310157775878906,-5.109718322753906,22
4.770534038543701,7.112248420715332,-5.171799659729004,22
3.898622989654541,6.939049243927002,-5.235599040985107,22
3.0233802795410156,6.790975570678711,-5.289970397949219,22
2.1410274505615234,6.66731071472168,-5.325085639953613,22
1.2489776611328125,6.566465377807617,-5.333402156829834,22
0.3461180627346039,6.485947608947754,-5.310383319854736,22
-0.5668882727622986,6.422741413116455,-5.254957675933838,22
-1.4875364303588867,6.373394966125488,-5.169455528259277,22
-2.411736249923706,6.334317207336426,-5.059366226196289,22
-3.3341636657714844,6.301955223083496,-4.932668685913086,22
-4.248825550079346,6.273041725158691,-4.798861980438232,22
-5.149730205535889,6.244543552398682,-4.66766357421875,22
-6.03167724609375,6.213859558105469,-4.547786712646484,22
-6.890786647796631,6.178741931915283,-4.44578218460083,22
-7.724842548370361,6.137147903442383,-4.36558723449707,22
-8.533400535583496,6.087216854095459,-4.30833101272583,22
-9.317516326904297,6.027021884918213,-4.272648811340332,22
-10.079167366027832,5.9545488357543945,-4.255075931549072,22
-10.82049560546875,5.867671012878418,-4.250556945800781,22
-11.542964935302734,5.764157772064209,-4.253129482269287,22
-12.246379852294922,5.641860485076904,-4.256265163421631,22
-12.927964210510254,5.498800754547119,-4.253834247589111,22
-13.581603050231934,5.333498477935791,-4.240634441375732,22
-14.197288513183594,5.144948959350586,-4.213063716888428,23
-14.760957717895508,4.932809352874756,-4.169463157653809,23
-15.254859924316406,4.69721794128418,-4.110468864440918,23
-15.658230781555176,4.438817024230957,-4.039204120635986,23
-15.948525428771973,4.158412933349609,-3.961390733718872,23
-16.10300064086914,3.8568055629730225,-3.88504958152771,23
-16.100406646728516,3.5346126556396484,-3.819936990737915,23
-15.922806739807129,3.192188262939453,-3.7766780853271484,23
-15.556962966918945,2.8297312259674072,-3.7663016319274902,23
-14.995452880859375,2.4477429389953613,-3.7995169162750244,23
-14.23709487915039,2.0473926067352295,-3.8863365650177,23
-13.287124633789062,1.631408452987671,-4.03610372543335,23
-12.156412124633789,1.204514503479004,-4.25785493850708,23
-10.860674858093262,0.7739706635475159,-4.560576438903809,23
-9.418997764587402,0.349496066570282,-4.952677249908447,23
-7.8525590896606445,-0.05725868418812752,-5.441869735717773,23
-6.183028221130371,-0.43347105383872986,-6.034071445465088,23
-4.431577205657959,-0.766338586807251,-6.732409477233887,23
-2.617971181869507,-1.0438872575759888,-7.535306453704834,23
-0.7603234052658081,-1.2561135292053223,-8.434935569763184,23
1.1249966621398926,-1.3954644203186035,-9.415776252746582,23
3.023285150527954,-1.4574193954467773,-10.454829216003418,23
4.921577453613281,-1.440545916557312,-11.522909164428711,23
6.8082499504089355,-1.3463234901428223,-12.586464881896973,23
8.6727294921875,-1.1788876056671143,-13.609776496887207,23
10.505270004272461,-0.9449489712715149,-14.557629585266113,23
12.296979904174805,-0.653316080570221,-15.398441314697266,23
14.03979778289795,-0.3148782253265381,-16.106773376464844,23
15.72640323638916,0.05786114186048508,-16.665828704833984,23
17.350351333618164,0.4510965347290039,-17.06831169128418,23
18.90589714050293,0.8504945039749146,-17.316707611083984,23
20.387861251831055,1.2418923377990723,-17.422500610351562,23
21.791513442993164,1.612082839012146,-17.40433692932129,23
23.11235237121582,1.9497756958007812,-17.28624153137207,23
24.345962524414062,2.246101140975952,-17.095670700073242,23
25.48799705505371,2.4950757026672363,-16.861536026000977,23
26.5343074798584,2.6938061714172363,-16.612756729125977,23
27.481016159057617,2.8422462940216064,-16.377017974853516,23
28.32493782043457,2.94277024269104,-16.180341720581055,23
29.063961029052734,2.9995205402374268,-16.046600341796875,23
29.697248458862305,3.0175490379333496,-15.997198104858398,23
30.225509643554688,3.00227689743042,-16.05040168762207,23
30.65115737915039,2.9587531089782715,-16.220422744750977,23
30.978487014770508,2.8913211822509766,-16.516939163208008,23
31.213769912719727,2.803192615509033,-16.944305419921875,23
31.365201950073242,2.6965575218200684,-17.501121520996094,23
31.442689895629883,2.572633981704712,-18.179609298706055,23
31.457536697387695,2.432177782058716,-18.965227127075195,23
31.421714782714844,2.2760066986083984,-19.836742401123047,23
31.34719467163086,2.1056294441223145,-20.766674041748047,23
31.245403289794922,1.9237127304077148,-21.72272491455078,23
31.126609802246094,1.7344552278518677,-22.66978645324707,23
30.999557495117188,1.5435330867767334,-23.572431564331055,23
30.871488571166992,1.3578672409057617,-24.397336959838867,23
30.747913360595703,1.185170292854309,-25.11530303955078,23
30.632675170898438,1.033530831336975,-25.70209312438965,23
30.5279541015625,0.9107739329338074,-26.138660430908203,23
30.434335708618164,0.8241673111915588,-26.41107940673828,23
30.351163864135742,0.7797874212265015,-26.510400772094727,23
30.27678680419922,0.7822977304458618,-26.432857513427734,23
30.20920181274414,0.8345550894737244,-26.18074607849121,23
30.146392822265625,0.9374023675918579,-25.763381958007812,23
30.086669921875,1.089608907699585,-25.197751998901367,23
30.028844833374023,1.28801429271698,-24.508325576782227,23
29.97173500061035,1.5279264450073242,-23.725372314453125,23
29.913936614990234,1.8037840127944946,-22.882144927978516,23
29.853038787841797,2.1097469329833984,-22.011518478393555,23
29.78521156311035,2.440384864807129,-21.143110275268555,23
29.70477294921875,2.790928602218628,-20.30063247680664,23
29.604185104370117,3.157562255859375,-19.500532150268555,23
29.474510192871094,3.537156820297241,-18.751543045043945,23
29.306026458740234,3.92699933052063,-18.05544662475586,23
29.089380264282227,4.324339389801025,-17.4083309173584,23
28.816356658935547,4.72602653503418,-16.801965713500977,23
28.4807071685791,5.128130912780762,-16.2253475189209,23
28.078556060791016,5.525847911834717,-15.66637897491455,23
27.608478546142578,5.9134840965271,-15.113251686096191,23
27.071422576904297,6.284855842590332,-14.556046485900879,23
26.47022819519043,6.633615016937256,-13.98808479309082,23
25.80931854248047,6.953920841217041,-13.407547950744629,23
25.094209671020508,7.240790367126465,-12.81733512878418,23
24.330963134765625,7.4904561042785645,-12.224944114685059,23
23.525779724121094,7.700613975524902,-11.640602111816406,23
22.684602737426758,7.870298862457275,-11.075681686401367,23
21.812807083129883,7.9996867179870605,-10.540876388549805,23
20.915081024169922,8.089888572692871,-10.044835090637207,23
19.995250701904297,8.142581939697266,-9.593467712402344,23
19.056535720825195,8.15977668762207,-9.189552307128906,23
18.101572036743164,8.143576622009277,-8.83294677734375,23
17.132848739624023,8.096109390258789,-8.52102279663086,23
16.15282440185547,8.019572257995605,-8.249435424804688,23
15.164179801940918,7.916325092315674,-8.012642860412598,23
14.169807434082031,7.789090633392334,-7.804832458496094,23
13.172770500183105,7.641017913818359,-7.619834899902344,23
12.175975799560547,7.475837707519531,-7.451647758483887,23
11.1820707321167,7.297900676727295,-7.294405460357666,23
10.193119049072266,7.112008094787598,-7.14247989654541,23
9.210555076599121,6.9233317375183105,-6.990536689758301,23
8.235148429870605,6.737143516540527,-6.833902359008789,23
7.267111301422119,6.558504581451416,-6.668639183044434,23
6.306364059448242,6.3920135498046875,-6.491788864135742,23
5.352624416351318,6.241620063781738,-6.301508903503418,23
4.405670642852783,6.110483646392822,-6.09703254699707,23
3.465394973754883,6.0008463859558105,-5.87869119644165,23
2.5321152210235596,5.914061069488525,-5.647883892059326,23
1.6068142652511597,5.850537300109863,-5.407198905944824,23
0.6911755800247192,5.809826850891113,-5.160200595855713,23
-0.21235892176628113,5.790638446807861,-4.9109039306640625,23
-1.100885272026062,5.790930271148682,-4.663427352905273,23
-1.9711477756500244,5.808105945587158,-4.421632289886475,23
-2.8198554515838623,5.839175701141357,-4.188819408416748,23
-3.644050121307373,5.880850315093994,-3.9677393436431885,23
-4.4413299560546875,5.929812431335449,-3.7604823112487793,23
-5.210249900817871,5.982741355895996,-3.568722724914551,23
-5.950371742248535,6.036317825317383,-3.3938074111938477,23
-6.662398338317871,6.087268352508545,-3.2368927001953125,23
-7.34792423248291,6.132169723510742,-3.099191188812256,23
-8.009050369262695,6.167442798614502,-2.982057809829712,23
-8.648064613342285,6.189277648925781,-2.886932373046875,23
-9.266803741455078,6.193664073944092,-2.814833164215088,23
-9.866362571716309,6.176380157470703,-2.765885829925537,23
-10.446500778198242,6.13328742980957,-2.7385618686676025,23
-11.005180358886719,6.060349941253662,-2.729537010192871,23
-11.538029670715332,5.9541215896606445,-2.733713150024414,23
-12.038111686706543,5.811746120452881,-2.7449193000793457,23
-12.495469093322754,5.63136625289917,-2.756857395172119,24
-12.897340774536133,5.412238597869873,-2.764160394668579,24
-13.228251457214355,5.154615879058838,-2.7635080814361572,24
-13.470778465270996,4.859752655029297,-2.7545692920684814,24
-13.606295585632324,4.529770851135254,-2.740449905395508,24
-13.616076469421387,4.167460918426514,-2.7280917167663574,24
-13.482413291931152,3.776151180267334,-2.728019952774048,24
-13.18988037109375,3.359682321548462,-2.7540090084075928,24
-12.726399421691895,2.922488212585449,-2.8222851753234863,24
-12.084115982055664,2.469834089279175,-2.950857400894165,24
-11.259933471679688,2.008098602294922,-3.15853214263916,24
-10.255829811096191,1.5451399087905884,-3.4633288383483887,24
-9.079089164733887,1.0904721021652222,-3.8802812099456787,24
-7.742074966430664,0.6550758481025696,-4.419392108917236,24
-6.261673450469971,0.2509074807167053,-5.083920955657959,24
-4.658059120178223,-0.10972800850868225,-5.869579792022705,24
-2.953645706176758,-0.4151056408882141,-6.7643842697143555,24
-1.1716059446334839,-0.6548011898994446,-7.749098777770996,24
0.6650217175483704,-0.820540726184845,-8.798351287841797,24
2.534275770187378,-0.9066455960273743,-9.882181167602539,24
4.415889739990234,-0.9105566143989563,-10.967784881591797,24
6.291536808013916,-0.8329900503158569,-12.021504402160645,24
8.145103454589844,-0.6779690384864807,-13.010541915893555,24
9.962665557861328,-0.4526982009410858,-13.905146598815918,24
11.732561111450195,-0.16720452904701233,-14.680523872375488,24
13.445343017578125,0.1661444455385208,-15.31865406036377,24
15.093587875366211,0.533247172832489,-15.809550285339355,24
16.67154884338379,0.919043242931366,-16.151554107666016,24
18.17495346069336,1.308363676071167,-16.351154327392578,24
19.60030174255371,1.6867307424545288,-16.421817779541016,24
20.9447078704834,2.0412893295288086,-16.383052825927734,24
22.205352783203125,2.3613719940185547,-16.25884437561035,24
23.379486083984375,2.6391568183898926,-16.076412200927734,24
24.464088439941406,2.869886875152588,-15.864309310913086,24
25.4559383392334,3.0520260334014893,-15.650582313537598,24
26.351696014404297,3.187006950378418,-15.461427688598633,24
27.148117065429688,3.2787230014801025,-15.320083618164062,24
27.84248161315918,3.3326258659362793,-15.246525764465332,24
28.433137893676758,3.3548853397369385,-15.257414817810059,24
28.91996955871582,3.3513529300689697,-15.366076469421387,24
29.304752349853516,3.3269994258880615,-15.582527160644531,24
29.591489791870117,3.2852275371551514,-15.912935256958008,24
29.786588668823242,3.227891445159912,-16.359521865844727,24
29.898845672607422,3.1552622318267822,-16.91985321044922,24
29.939373016357422,3.0665054321289062,-17.58660888671875,24
29.921173095703125,2.9602267742156982,-18.34699249267578,24
29.858530044555664,2.835294246673584,-19.182525634765625,24
29.766374588012695,2.6916463375091553,-20.069683074951172,24
29.659414291381836,2.5308713912963867,-20.980680465698242,24
29.551523208618164,2.3566296100616455,-21.885330200195312,24
29.455121994018555,2.1745550632476807,-22.753435134887695,24
29.380878448486328,1.9920003414154053,-23.557031631469727,24
29.33713722229004,1.8173925876617432,-24.272537231445312,24
29.329683303833008,1.6595438718795776,-24.881254196166992,24
29.36130714416504,1.5271129608154297,-25.369916915893555,24
29.43166732788086,1.4279484748840332,-25.730070114135742,24
29.53738784790039,1.368524432182312,-25.957345962524414,24
29.672388076782227,1.353650450706482,-26.050735473632812,24
29.82846450805664,1.386056661605835,-26.011737823486328,24
29.99601173400879,1.466428518295288,-25.844039916992188,24
30.164703369140625,1.5933305025100708,-25.553070068359375,24
30.324350357055664,1.763526439666748,-25.14595603942871,24
30.465171813964844,1.9722617864608765,-24.63151741027832,24
30.578542709350586,2.213801145553589,-24.02025604248047,24
30.656864166259766,2.4819581508636475,-23.324399948120117,24
30.69366455078125,2.770754814147949,-22.557573318481445,24
30.683382034301758,3.075007200241089,-21.73446273803711,24
30.621150970458984,3.390869617462158,-20.870203018188477,24
30.50275421142578,3.715991258621216,-19.98007583618164,24
30.324644088745117,4.0495076179504395,-19.07938575744629,24
30.084402084350586,4.3916168212890625,-18.183380126953125,24
29.780935287475586,4.743067264556885,-17.30726432800293,24
29.414813995361328,5.104249000549316,-16.46522331237793,24
28.988201141357422,5.474667072296143,-15.669845581054688,24
28.50480842590332,5.852267742156982,-14.93078327178955,24
27.969402313232422,6.2332234382629395,-14.253816604614258,24
27.38736343383789,6.612056732177734,-13.640108108520508,24
26.764148712158203,6.98192024230957,-13.086342811584473,24
26.104785919189453,7.335241317749023,-12.58608341217041,24
25.413585662841797,7.664373874664307,-12.130620956420898,24
24.693885803222656,7.962228298187256,-11.710712432861328,24
23.94809341430664,8.2227201461792,-11.31784725189209,24
23.177640914916992,8.441177368164062,-10.944908142089844,24
22.383312225341797,8.614389419555664,-10.586871147155762,24
21.56539535522461,8.74077320098877,-10.240728378295898,24
20.723949432373047,8.820137023925781,-9.905186653137207,24
19.85907554626465,8.853562355041504,-9.580120086669922,24
18.971187591552734,8.843281745910645,-9.266334533691406,24
18.061534881591797,8.79222583770752,-8.965193748474121,24
17.132421493530273,8.704029083251953,-8.678823471069336,24
16.187700271606445,8.582808494567871,-8.410024642944336,24
15.232660293579102,8.433111190795898,-8.162025451660156,24
14.273975372314453,8.259926795959473,-7.938138961791992,24
13.319169998168945,8.068697929382324,-7.741190433502197,24
12.375840187072754,7.865040302276611,-7.572460174560547,24
11.450974464416504,7.6548285484313965,-7.430976867675781,24
10.550026893615723,7.443861961364746,-7.312887191772461,24
9.676342964172363,7.2377610206604,-7.211297512054443,24
8.830721855163574,7.041706085205078,-7.116819381713867,24
8.011346817016602,6.86033821105957,-7.018701553344727,24
7.2140021324157715,6.697555065155029,-6.905981540679932,24
6.4324188232421875,6.556461811065674,-6.7687578201293945,24
5.658761978149414,6.439280986785889,-6.59904146194458,24
4.884162425994873,6.347351551055908,-6.391499042510986,24
4.099409580230713,6.281090259552002,-6.14359188079834,24
3.295633554458618,6.240029335021973,-5.855837345123291,24
2.4650590419769287,6.22281551361084,-5.531980037689209,24
1.6017673015594482,6.227226257324219,-5.178864479064941,24
0.7023769617080688,6.250230312347412,-4.806405544281006,24
-0.23338647186756134,6.288100242614746,-4.427104473114014,24
-1.2023799419403076,6.336550235748291,-4.055459976196289,24
-2.1981942653656006,6.3909478187561035,-3.706874370574951,24
-3.211351156234741,6.4465813636779785,-3.396216630935669,24
-4.230240345001221,6.498770236968994,-3.136413335800171,24
-5.242050647735596,6.543247699737549,-2.9367711544036865,24
-6.233965873718262,6.576268672943115,-2.802065134048462,24
-7.194317817687988,6.594706058502197,-2.7319717407226562,24
-8.113290786743164,6.596101760864258,-2.721492052078247,24
-8.983400344848633,6.578597068786621,-2.761744737625122,24
-9.799471855163574,6.540744304656982,-2.8412365913391113,24
-10.55823040008545,6.481469631195068,-2.9467554092407227,24
-11.257588386535645,6.3997626304626465,-3.064638376235962,24
-11.895916938781738,6.294621467590332,-3.181753158569336,24
-12.470884323120117,6.165053367614746,-3.2861478328704834,24
-12.978729248046875,6.009954929351807,-3.3682310581207275,25
-13.41353702545166,5.82843017578125,-3.421570062637329,25
-13.76673412322998,5.619742393493652,-3.443925142288208,25
-14.027280807495117,5.383549213409424,-3.4375431537628174,25
-14.182035446166992,5.119932174682617,-3.4094226360321045,25
-14.216612815856934,4.82951021194458,-3.370276927947998,25
-14.116678237915039,4.513373851776123,-3.334063768386841,25
-13.868956565856934,4.173219203948975,-3.316788911819458,25
-13.462540626525879,3.8114473819732666,-3.3357784748077393,25
-12.889667510986328,3.431227922439575,-3.408951997756958,25
-12.146488189697266,3.0368905067443848,-3.5543503761291504,25
-11.233336448669434,2.6340136528015137,-3.7890868186950684,25
-10.155028343200684,2.2296574115753174,-4.1279778480529785,25
-8.92076301574707,1.8323562145233154,-4.581695556640625,25
-7.5435895919799805,1.4516509771347046,-5.155513286590576,25
-6.039592742919922,1.0975635051727295,-5.848242282867432,25
-4.427216053009033,0.7798209190368652,-6.651486873626709,25
-2.7263991832733154,0.5073332190513611,-7.5489068031311035,25
-0.957960307598114,0.28756725788116455,-8.516385078430176,25
0.8573068976402283,0.12614285945892334,-9.524250984191895,25
2.6997034549713135,0.02668595500290394,-10.53992748260498,25
4.551120758056641,-0.009393171407282352,-11.53071117401123,25
6.395331859588623,0.01716979779303074,-12.465632438659668,25
8.218114852905273,0.10347902774810791,-13.317248344421387,25
10.007237434387207,0.24471265077590942,-14.063218116760254,25
11.7523832321167,0.4342726171016693,-14.687640190124512,25
13.445100784301758,0.6641257405281067,-15.181741714477539,25
15.078581809997559,0.9252351522445679,-15.544265747070312,25
16.647611618041992,1.2079706192016602,-15.780933380126953,25
18.148225784301758,1.5027538537979126,-15.903568267822266,25
19.577552795410156,1.8004361391067505,-15.928887367248535,25
20.93350601196289,2.0929110050201416,-15.877286911010742,25
22.2145938873291,2.3732941150665283,-15.771379470825195,25
23.419633865356445,2.636342763900757,-15.634791374206543,25
24.547428131103516,2.8783621788024902,-15.490640640258789,25
25.59650230407715,3.097233295440674,-15.360304832458496,25
26.565105438232422,3.29215407371521,-15.262430191040039,25
27.451162338256836,3.4632906913757324,-15.212478637695312,25
28.252399444580078,3.611215829849243,-15.222416877746582,25
28.96686363220215,3.736443042755127,-15.300921440124512,25
29.593130111694336,3.8390238285064697,-15.453521728515625,25
30.13089370727539,3.918318510055542,-15.682558059692383,25
30.581329345703125,3.9729318618774414,-15.987616539001465,25
30.947425842285156,4.000875473022461,-16.36573600769043,25
31.234283447265625,3.9997477531433105,-16.81177520751953,25
31.449237823486328,3.9673264026641846,-17.31832504272461,25
31.601503372192383,3.902099132537842,-17.876047134399414,25
31.701831817626953,3.8037734031677246,-18.473155975341797,25
31.761598587036133,3.673898935317993,-19.09535026550293,25
31.792051315307617,3.5161092281341553,-19.726064682006836,25
31.803436279296875,3.336078405380249,-20.346923828125,25
31.8043155670166,3.141303062438965,-20.938854217529297,25
31.80120277404785,2.9405524730682373,-21.4837703704834,25
31.798423767089844,2.7431066036224365,-21.96561050415039,25
31.79813003540039,2.5581717491149902,-22.3717041015625,25
31.800424575805664,2.3941802978515625,-22.692981719970703,25
31.803863525390625,2.258481979370117,-22.92409324645996,25
31.805702209472656,2.1570873260498047,-23.062795639038086,25
31.802518844604492,2.0945072174072266,-23.10948371887207,25
31.79073715209961,2.07383394241333,-23.066476821899414,25
31.767223358154297,2.0965986251831055,-22.937715530395508,25
31.729503631591797,2.16300106048584,-22.72858238220215,25
31.67593765258789,2.2718265056610107,-22.44559669494629,25
31.60567283630371,2.420844793319702,-22.096342086791992,25
31.518177032470703,2.6070830821990967,-21.688982009887695,25
31.41286277770996,2.8272902965545654,-21.232036590576172,25
31.28844451904297,3.0783531665802,-20.73353385925293,25
31.14243507385254,3.35756254196167,-20.200702667236328,25
30.97102165222168,3.6628098487854004,-19.639480590820312,25
30.76902198791504,3.99245548248291,-19.054670333862305,25
30.5303955078125,4.3452301025390625,-18.4503231048584,25
30.248929977416992,4.71972131729126,-17.830219268798828,25
29.919198989868164,5.114150524139404,-17.198238372802734,25
29.537200927734375,5.525803089141846,-16.558639526367188,25
29.10081672668457,5.950777530670166,-15.915635108947754,25
28.60997772216797,6.383789539337158,-15.273001670837402,25
28.066349029541016,6.818249702453613,-14.633676528930664,25
27.472801208496094,7.246502876281738,-13.999500274658203,25
26.832704544067383,7.660167217254639,-13.37168025970459,25
26.149585723876953,8.050527572631836,-12.751432418823242,25
25.42664337158203,8.40906047821045,-12.140926361083984,25
24.666427612304688,8.727867126464844,-11.543462753295898,25
23.870763778686523,9.000249862670898,-10.962820053100586,25
23.04082489013672,9.221114158630371,-10.403220176696777,25
22.177213668823242,9.387357711791992,-9.868697166442871,25
21.280433654785156,9.497843742370605,-9.362738609313965,25
20.351137161254883,9.553546905517578,-8.888474464416504,25
19.390533447265625,9.557133674621582,-8.448219299316406,25
18.40060043334961,9.512659072875977,-8.043713569641113,25
17.384361267089844,9.425078392028809,-7.67599630355835,25
16.346057891845703,9.299832344055176,-7.345498561859131,25
15.291048049926758,9.142541885375977,-7.052261829376221,25
14.225706100463867,8.958779335021973,-6.795804500579834,25
13.156919479370117,8.754154205322266,-6.575118541717529,25
12.09167766571045,8.534297943115234,-6.388347625732422,25
11.036324501037598,8.30494213104248,-6.232400894165039,25
9.995894432067871,8.072035789489746,-6.1025567054748535,25
8.973636627197266,7.841583251953125,-5.9922919273376465,25
7.970613956451416,7.619475364685059,-5.8934102058410645,25
6.985941410064697,7.411211013793945,-5.796777248382568,25
6.016851425170898,7.221498489379883,-5.693221092224121,25
5.059454441070557,7.053974151611328,-5.574513912200928,25
4.109285831451416,6.911038398742676,-5.434391975402832,25
3.1619582176208496,6.793765068054199,-5.269034385681152,25
2.2137668132781982,6.701918601989746,-5.077493667602539,25
1.2622084617614746,6.634072780609131,-4.862009048461914,25
0.30635008215904236,6.587814807891846,-4.62777042388916,25
-0.6529906392097473,6.559889316558838,-4.3824567794799805,25
-1.613210678100586,6.546433448791504,-4.135382652282715,25
-2.570168972015381,6.543217658996582,-3.8965020179748535,25
-3.518526315689087,6.545902729034424,-3.675227403640747,25
-4.452349662780762,6.550376892089844,-3.479447841644287,25
-5.36538553237915,6.552913665771484,-3.3147034645080566,25
-6.251804828643799,6.550393581390381,-3.1839985847473145,25
-7.1064863204956055,6.540353298187256,-3.0875227451324463,25
-7.925562858581543,6.521056175231934,-3.023000717163086,25
-8.706581115722656,6.491318225860596,-2.9863853454589844,25
-9.448589324951172,6.4503984451293945,-2.9724228382110596,25
-10.151944160461426,6.397733688354492,-2.975390911102295,25
-10.817901611328125,6.332738876342773,-2.9893405437469482,25
-11.448341369628906,6.254685878753662,-3.0083460807800293,25
-12.045066833496094,6.1625657081604,-3.026482105255127,25
-12.6091947555542,6.055119514465332,-3.037687063217163,25
-13.140609741210938,5.9309306144714355,-3.0360944271087646,25
-13.63715648651123,5.788666725158691,-3.0161516666412354,25
-14.094259262084961,5.6271281242370605,-2.9733664989471436,26
-14.504618644714355,5.4455437660217285,-2.9052329063415527,26
-14.857987403869629,5.243546962738037,-2.812295436859131,26
-15.141522407531738,5.021215438842773,-2.6990737915039062,26
-15.340397834777832,4.778995513916016,-2.5745737552642822,26
-15.43857192993164,4.517462253570557,-2.452208995819092,26
-15.419964790344238,4.237273216247559,-2.349303960800171,26
-15.269562721252441,3.938974380493164,-2.2859342098236084,26
-14.974653244018555,3.6230030059814453,-2.283236503601074,26
-14.525757789611816,3.2898805141448975,-2.3615081310272217,26
-13.917222023010254,2.940443754196167,-2.538393020629883,26
-13.147472381591797,2.576399326324463,-2.8276426792144775,26
-12.219110488891602,2.2008323669433594,-3.237626552581787,26
-11.1387357711792,1.8185418844223022,-3.7705137729644775,26
-9.916430473327637,1.4362117052078247,-4.422065258026123,26
-8.564925193786621,1.0621321201324463,-5.182045936584473,26
-7.098851203918457,0.7057574391365051,-6.0348358154296875,26
-5.5341691970825195,0.3772263824939728,-6.960110664367676,26
-3.8877525329589844,0.08671332150697708,-7.93372917175293,26
-2.177163600921631,-0.15612000226974487,-8.9287748336792,26
-0.42039671540260315,-0.34270960092544556,-9.916693687438965,26
1.3646095991134644,-0.4661432206630707,-10.868868827819824,26
3.1605701446533203,-0.5215734839439392,-11.758641242980957,26
4.951479911804199,-0.5067891478538513,-12.56328010559082,26
6.723178863525391,-0.422373503446579,-13.2653169631958,26
8.463787078857422,-0.271843820810318,-13.853480339050293,26
10.16370964050293,-0.06148330867290497,-14.323005676269531,26
11.815720558166504,0.19989784061908722,-14.675539016723633,26
13.414670944213867,0.5014328360557556,-14.918663024902344,26
14.957347869873047,0.8308514356613159,-15.065018653869629,26
16.44181251525879,1.1750720739364624,-15.131193161010742,26
17.866771697998047,1.5210850238800049,-15.136269569396973,26
19.231107711791992,1.856652021408081,-15.100156784057617,26
20.53327178955078,2.171117067337036,-15.042465209960938,26
21.77104377746582,2.4558913707733154,-14.98153018951416,26
22.941268920898438,2.7048351764678955,-14.933619499206543,26
24.039945602416992,2.9145429134368896,-14.912603378295898,26
25.062440872192383,3.083989381790161,-14.929489135742188,26
26.003921508789062,3.214340925216675,-14.992589950561523,26
26.85972785949707,3.3082447052001953,-15.107991218566895,26
27.62612533569336,3.369152307510376,-15.279923439025879,26
28.300674438476562,3.4005980491638184,-15.511383056640625,26
28.88260841369629,3.4057013988494873,-15.80402660369873,26
29.373159408569336,3.386826276779175,-16.158227920532227,26
29.775577545166016,3.3455629348754883,-16.57305145263672,26
30.09511375427246,3.2826502323150635,-17.04592514038086,26
30.33881187438965,3.198376178741455,-17.572284698486328,26
30.51519775390625,3.092888593673706,-18.14507484436035,26
30.633726119995117,2.966790199279785,-18.754419326782227,26
30.704265594482422,2.8215177059173584,-19.387800216674805,26
30.736581802368164,2.6597237586975098,-20.03009033203125,26
30.73981285095215,2.4853744506835938,-20.664812088012695,26
30.722129821777344,2.30373477935791,-21.275171279907227,26
30.690528869628906,2.1210713386535645,-21.844972610473633,26
30.650466918945312,1.9443209171295166,-22.359474182128906,26
30.6058292388916,1.78062105178833,-22.805572509765625,26
30.558748245239258,1.636992335319519,-23.171993255615234,26
30.509662628173828,1.5199052095413208,-23.448957443237305,26
30.457557678222656,1.4349883794784546,-23.62858772277832,26
30.40021514892578,1.3867148160934448,-23.70520782470703,26
30.334793090820312,1.3780971765518188,-23.67597770690918,26
30.258298873901367,1.4106066226959229,-23.541519165039062,26
30.16795539855957,1.484170913696289,-23.306304931640625,26
30.061452865600586,1.5971883535385132,-22.978939056396484,26
29.937118530273438,1.7467608451843262,-22.571794509887695,26
29.79375648498535,1.92925226688385,-22.100425720214844,26
29.630340576171875,2.140568971633911,-21.582101821899414,26
29.445711135864258,2.376826763153076,-21.034082412719727,26
29.238018035888672,2.6347227096557617,-20.471391677856445,26
29.004436492919922,2.9118354320526123,-19.90492820739746,26
28.7408390045166,3.2065911293029785,-19.340282440185547,26
28.442296981811523,3.51814603805542,-18.777873992919922,26
28.10343360900879,3.8460004329681396,-18.214414596557617,26
27.71925926208496,4.189412593841553,-17.644132614135742,26
27.285707473754883,4.546930313110352,-17.06062126159668,26
26.80036163330078,4.915979862213135,-16.458202362060547,26
26.262575149536133,5.292637825012207,-15.832907676696777,26
25.673555374145508,5.671908855438232,-15.183491706848145,26
25.036285400390625,6.0479254722595215,-14.51195240020752,26
24.355222702026367,6.414490222930908,-13.823925971984863,26
23.635879516601562,6.765437126159668,-13.128190040588379,26
22.88451385498047,7.09511661529541,-12.435830116271973,26
22.107580184936523,7.398643493652344,-11.758857727050781,26
21.311416625976562,7.6721577644348145,-11.108636856079102,26
20.50179672241211,7.912816047668457,-10.494953155517578,26
19.683788299560547,8.118868827819824,-9.925531387329102,26
18.861467361450195,8.28938102722168,-9.405377388000488,26
18.03787612915039,8.424110412597656,-8.936933517456055,26
17.214990615844727,8.523412704467773,-8.5199613571167,26
16.393632888793945,8.588016510009766,-8.15189266204834,26
15.5737943649292,8.618973731994629,-7.82825231552124,26
14.754788398742676,8.617602348327637,-7.543294429779053,26
13.935426712036133,8.58556842803955,-7.290742874145508,26
13.114355087280273,8.524901390075684,-7.064154148101807,26
12.290034294128418,8.438138008117676,-6.857359886169434,26
11.460847854614258,8.328362464904785,-6.664884090423584,26
10.625187873840332,8.199248313903809,-6.482222557067871,26
9.781417846679688,8.05495834350586,-6.305815696716309,26
8.927810668945312,7.900025367736816,-6.1326727867126465,26
8.062517166137695,7.739106178283691,-5.959959983825684,26
7.183670997619629,7.576760292053223,-5.784461498260498,26
6.289380073547363,7.41725492477417,-5.602481842041016,26
5.3780364990234375,7.264256954193115,-5.410079479217529,26
4.4485883712768555,7.120806694030762,-5.2035088539123535,26
3.500908613204956,6.98910665512085,-4.9799652099609375,26
2.535946846008301,6.870455265045166,-4.7382354736328125,26
1.556119441986084,6.765320301055908,-4.479391098022461,26
0.5652726292610168,6.673335552215576,-4.207301139831543,26
-0.4313032031059265,6.593460559844971,-3.9285194873809814,26
-1.427100419998169,6.5241007804870605,-3.651575803756714,26
-2.4147934913635254,6.463335037231445,-3.3859543800354004,26
-3.386728286743164,6.409114837646484,-3.141080617904663,26
-4.335415840148926,6.359244346618652,-2.9253017902374268,26
-5.254077434539795,6.3116960525512695,-2.745150089263916,26
-6.137174606323242,6.2644853591918945,-2.604809522628784,26
-6.980855941772461,6.2158002853393555,-2.5060622692108154,26
-7.7831830978393555,6.163849830627441,-2.448376178741455,26
-8.54423999786377,6.106832981109619,-2.429452657699585,26
-9.265823364257812,6.042779922485352,-2.445708990097046,26
-9.951083183288574,5.969463348388672,-2.4929308891296387,26
-10.603930473327637,5.884301662445068,-2.5666773319244385,26
-11.228203773498535,5.784451961517334,-2.662423849105835,26
-11.82701587677002,5.66683292388916,-2.7760136127471924,26
-12.401776313781738,5.528377532958984,-2.9036996364593506,26
-12.951475143432617,5.366273403167725,-3.0425076484680176,26
-13.472101211547852,5.178248405456543,-3.1905341148376465,26
-13.956189155578613,4.9629011154174805,-3.3473165035247803,27
-14.392638206481934,4.719816207885742,-3.514284133911133,27
-14.766988754272461,4.4496636390686035,-3.694960832595825,27
-15.062067985534668,4.154122352600098,-3.8949127197265625,27
-15.25893497467041,3.835608959197998,-4.121149063110352,27
-15.338366508483887,3.4969663619995117,-4.381359100341797,27
-15.282360076904297,3.141136407852173,-4.682616710662842,27
-15.075788497924805,2.770800828933716,-5.03021764755249,27
-14.707672119140625,2.388242483139038,-5.42692232131958,27
-14.17203426361084,1.9954301118850708,-5.873387813568115,27
-13.467904090881348,1.5943061113357544,-6.368832588195801,27
-12.599167823791504,1.1873115301132202,-6.9118852615356445,27
-11.574143409729004,0.7779638171195984,-7.50045108795166,27
-10.404513359069824,0.3712078928947449,-8.131421089172363,27
-9.104413986206055,-0.02648942731320858,-8.800304412841797,27
-7.689111232757568,-0.40736478567123413,-9.50069522857666,27
-6.174073219299316,-0.7627381086349487,-10.224180221557617,27
-4.574154853820801,-1.0833473205566406,-10.960100173950195,27
-2.9032554626464844,-1.3598206043243408,-11.695854187011719,27
-1.1743674278259277,-1.5831120014190674,-12.417555809020996,27
0.6003193855285645,-1.7449040412902832,-13.11060619354248,27
2.4089930057525635,-1.8379496335983276,-13.760811805725098,27
4.240126132965088,-1.8566607236862183,-14.355281829833984,27
6.082236289978027,-1.797508955001831,-14.883694648742676,27
7.924184799194336,-1.6594840288162231,-15.339136123657227,27
9.755075454711914,-1.4445431232452393,-15.71881103515625,27
11.564596176147461,-1.157821774482727,-16.02358627319336,27
13.342885971069336,-0.8076506853103638,-16.257713317871094,27
15.080610275268555,-0.40526247024536133,-16.427730560302734,27
16.768924713134766,0.03575313836336136,-16.541645050048828,27
18.399211883544922,0.5001497268676758,-16.608091354370117,27
19.96316146850586,0.9720498919487,-16.635997772216797,27
21.45257568359375,1.4357243776321411,-16.63445281982422,27
22.859386444091797,1.8766809701919556,-16.61299705505371,27
24.175817489624023,2.282198905944824,-16.581645965576172,27
25.394451141357422,2.6421091556549072,-16.55124855041504,27
26.508453369140625,2.9489142894744873,-16.533336639404297,27
27.512083053588867,3.1978728771209717,-16.53974151611328,27
28.4008731842041,3.3867058753967285,-16.582496643066406,27
29.17209243774414,3.5151922702789307,-16.673477172851562,27
29.82516098022461,3.584810733795166,-16.823753356933594,27
30.361764907836914,3.598292589187622,-17.04291343688965,27
30.786094665527344,3.559279680252075,-17.338314056396484,27
31.10492706298828,3.4720699787139893,-17.714370727539062,27
31.327396392822266,3.341446876525879,-18.17152214050293,27
31.464611053466797,3.1726789474487305,-18.70572853088379,27
31.52924919128418,2.9715638160705566,-19.30768394470215,27
31.534709930419922,2.74458909034729,-19.962718963623047,27
31.49466896057129,2.4990897178649902,-20.651439666748047,27
31.422298431396484,2.243311643600464,-21.350631713867188,27
31.329879760742188,1.9863395690917969,-22.035104751586914,27
31.228252410888672,1.7379088401794434,-22.67974853515625,27
31.126684188842773,1.5079913139343262,-23.261072158813477,27
31.032424926757812,1.3063937425613403,-23.758962631225586,27
30.95063018798828,1.1422048807144165,-24.157108306884766,27
30.88414192199707,1.0233540534973145,-24.443523406982422,27
30.833614349365234,0.956176221370697,-24.61097526550293,27
30.797927856445312,0.9449900984764099,-24.657142639160156,27
30.77454376220703,0.9918529391288757,-24.5847225189209,27
30.759971618652344,1.096470594406128,-24.400671005249023,27
30.750137329101562,1.2563533782958984,-24.115245819091797,27
30.740461349487305,1.467105746269226,-23.740636825561523,27
30.72580337524414,1.7228225469589233,-23.290111541748047,27
30.700439453125,2.016638994216919,-22.77695083618164,27
30.657703399658203,2.3414199352264404,-22.213550567626953,27
30.589841842651367,2.690460681915283,-21.610519409179688,27
30.488004684448242,3.0580058097839355,-20.975757598876953,27
30.342344284057617,3.439570426940918,-20.314268112182617,27
30.1426944732666,3.8320634365081787,-19.62850570678711,27
29.879539489746094,4.23341703414917,-18.91949462890625,27
29.544994354248047,4.642247200012207,-18.1879825592041,27
29.13376808166504,5.057132244110107,-17.43547248840332,27
28.643951416015625,5.476186275482178,-16.664833068847656,27
28.0771541595459,5.896413326263428,-15.88052749633789,27
27.438508987426758,6.313520431518555,-15.088543891906738,27
26.735952377319336,6.721886157989502,-14.296154975891113,27
25.97953987121582,7.11477518081665,-13.511871337890625,27
25.180334091186523,7.4848175048828125,-12.745152473449707,27
24.34943199157715,7.824660301208496,-12.006091117858887,27
23.496997833251953,8.127472877502441,-11.304597854614258,27
22.631397247314453,8.38755989074707,-10.649206161499023,27
21.758848190307617,8.600626945495605,-10.04611587524414,27
20.883119583129883,8.764015197753906,-9.498431205749512,27
20.005645751953125,8.87671184539795,-9.006477355957031,27
19.12598991394043,8.939271926879883,-8.568031311035156,27
18.242250442504883,8.953597068786621,-8.17899227142334,27
17.351741790771484,8.922691345214844,-7.834081649780273,27
16.451507568359375,8.850457191467285,-7.527634143829346,27
15.539031982421875,8.741426467895508,-7.254115104675293,27
14.61240291595459,8.600624084472656,-7.008622169494629,27
13.670710563659668,8.433459281921387,-6.786894798278809,27
12.713733673095703,8.245662689208984,-6.58536958694458,27
11.741839408874512,8.0431547164917,-6.400638580322266,27
10.755555152893066,7.831966400146484,-6.229109764099121,27
9.755342483520508,7.618160724639893,-6.066595554351807,27
8.741203308105469,7.407501697540283,-5.908102035522461,27
7.712821960449219,7.205341815948486,-5.748130798339844,27
6.669654369354248,7.016317367553711,-5.581057071685791,27
5.611200332641602,6.844179630279541,-5.401968002319336,27
4.537458419799805,6.6916184425354,-5.207340717315674,27
3.4492416381835938,6.56024169921875,-4.995981216430664,27
2.3487062454223633,6.450508117675781,-4.769575595855713,27
1.2395315170288086,6.361860275268555,-4.53317928314209,27
0.12715665996074677,6.292825222015381,-4.294832229614258,27
-0.9813678860664368,6.24124813079834,-4.064695358276367,27
-2.077634811401367,6.204435348510742,-3.8537657260894775,27
-3.152475357055664,6.179410934448242,-3.6724603176116943,27
-4.196565628051758,6.163229465484619,-3.529134511947632,27
-5.2011542320251465,6.152981281280518,-3.428940534591675,27
-6.158902168273926,6.146157264709473,-3.3730669021606445,27
-7.064454078674316,6.140502452850342,-3.3588602542877197,27
-7.914884567260742,6.1341471672058105,-3.380309820175171,27
-8.70976734161377,6.125404357910156,-3.428952932357788,27
-9.45107650756836,6.112660884857178,-3.4952733516693115,27
-10.142552375793457,6.094231128692627,-3.5696401596069336,27
-10.789163589477539,6.068146705627441,-3.6434247493743896,27
-11.396161079406738,6.032227039337158,-3.709584951400757,27
-11.968188285827637,5.984012603759766,-3.762896776199341,27
-12.50837230682373,5.921028137207031,-3.800091028213501,27
-13.017623901367188,5.840771675109863,-3.819549322128296,27
-13.494007110595703,5.741104602813721,-3.8209176063537598,27
-13.932318687438965,5.620275497436523,-3.804868221282959,28
-14.324148178100586,5.477025508880615,-3.77313232421875,28
-14.657864570617676,5.310665130615234,-3.728469133377075,28
-14.919259071350098,5.120925426483154,-3.674996852874756,28
-15.092168807983398,4.907868385314941,-3.6183745861053467,28
-15.159587860107422,4.67180871963501,-3.5658528804779053,28
-15.10473918914795,4.413209438323975,-3.525994300842285,28
-14.912266731262207,4.132648944854736,-3.508267641067505,28
-14.56923770904541,3.8308286666870117,-3.522716760635376,28
-14.065829277038574,3.508754014968872,-3.5796313285827637,28
-13.395735740661621,3.1679985523223877,-3.689542770385742,28
-12.556217193603516,2.8111073970794678,-3.8631832599639893,28
-11.54792308807373,2.441885232925415,-4.111215114593506,28
-10.374676704406738,2.065629005432129,-4.4438090324401855,28
-9.0429048538208,1.6891725063323975,-4.870011806488037,28
-7.561379909515381,1.3206380605697632,-5.397030353546143,28
-5.9409260749816895,0.9691367149353027,-6.029051780700684,28
-4.1942524909973145,0.6442554593086243,-6.7663397789001465,28
-2.335927963256836,0.3556109666824341,-7.604075908660889,28
-0.3825397491455078,0.11229683458805084,-8.531513214111328,28
1.647273063659668,-0.07759474217891693,-9.531227111816406,28
3.732867956161499,-0.20740993320941925,-10.579082489013672,28
5.851877212524414,-0.2725013792514801,-11.645390510559082,28
7.980855941772461,-0.27051952481269836,-12.697226524353027,28
10.096227645874023,-0.2018834948539734,-13.701340675354004,28
12.175179481506348,-0.06987424194812775,-14.627087593078613,28
14.196496963500977,0.11918733268976212,-15.448569297790527,28
16.141191482543945,0.3562878370285034,-16.146652221679688,28
17.9929256439209,0.6300444602966309,-16.710041046142578,28
19.738187789916992,0.9274957180023193,-17.135574340820312,28
21.36612892150879,1.2350053787231445,-17.427780151367188,28
22.868061065673828,1.5393404960632324,-17.59743881225586,28
24.237192153930664,1.8285304307937622,-17.660194396972656,28
25.4683780670166,2.0927796363830566,-17.63545036315918,28
26.558015823364258,2.324693202972412,-17.545101165771484,28
27.504289627075195,2.519514560699463,-17.412694931030273,28
28.307151794433594,2.674896717071533,-17.262191772460938,28
28.96869659423828,2.7906060218811035,-17.11676788330078,28
29.49320411682129,2.868093729019165,-16.997600555419922,28
29.887435913085938,2.909994602203369,-16.922670364379883,28
30.160879135131836,2.919550657272339,-16.906208038330078,28
30.32575225830078,2.900171995162964,-16.957717895507812,28
30.396947860717773,2.8551790714263916,-17.081663131713867,28
30.39166831970215,2.787691354751587,-17.276988983154297,28
30.32871437072754,2.7006893157958984,-17.53672218322754,28
30.227514266967773,2.59732723236084,-17.848018646240234,28
30.107187271118164,2.4811413288116455,-18.19287872314453,28
29.98545265197754,2.3562557697296143,-18.55008888244629,28
29.877897262573242,2.227396249771118,-18.897733688354492,28
29.797229766845703,2.0997743606567383,-19.216251373291016,28
29.752887725830078,1.978746771812439,-19.490646362304688,28
29.750520706176758,1.8696545362472534,-19.71213150024414,28
29.79169464111328,1.7773232460021973,-19.87774658203125,28
29.87393569946289,1.705988883972168,-19.989782333374023,28
29.990970611572266,1.6590466499328613,-20.05434799194336,28
30.13347625732422,1.6390280723571777,-20.079864501953125,28
30.29018783569336,1.647716760635376,-20.07560920715332,28
30.448976516723633,1.6861921548843384,-20.049869537353516,28
30.597923278808594,1.7550930976867676,-20.007978439331055,28
30.726320266723633,1.8546385765075684,-19.951311111450195,28
30.825517654418945,1.9845609664916992,-19.877323150634766,28
30.889448165893555,2.143955707550049,-19.781333923339844,28
30.914928436279297,2.331270456314087,-19.65786361694336,28
30.901309967041016,2.5445315837860107,-19.50193977355957,28
30.84975814819336,2.781557083129883,-19.309101104736328,28
30.762168884277344,3.040440320968628,-19.075353622436523,28
30.63990020751953,3.3197691440582275,-18.796640396118164,28
30.482894897460938,3.6187784671783447,-18.468637466430664,28
30.28900718688965,3.937124729156494,-18.08738899230957,28
30.054218292236328,4.274524688720703,-17.65054702758789,28
29.773075103759766,4.630358695983887,-17.158363342285156,28
29.439603805541992,5.003015995025635,-16.61434555053711,28
29.04825782775879,5.389705181121826,-16.02526092529297,28
28.594778060913086,5.786083221435547,-15.400018692016602,28
28.07670783996582,6.186364650726318,-14.748440742492676,28
27.49379539489746,6.583471775054932,-14.080062866210938,28
26.847898483276367,6.969507694244385,-13.403898239135742,28
26.142887115478516,7.336388111114502,-12.728559494018555,28
25.384132385253906,7.676451206207275,-12.062531471252441,28
24.57796287536621,7.983214855194092,-11.4136962890625,28
23.731124877929688,8.251742362976074,-10.789237022399902,28
22.8504581451416,8.478889465332031,-10.195192337036133,28
21.942481994628906,8.663207054138184,-9.636642456054688,28
21.013317108154297,8.804768562316895,-9.117364883422852,28
20.068376541137695,8.904740333557129,-8.639512062072754,28
19.11219596862793,8.965110778808594,-8.203472137451172,28
18.14832878112793,8.988335609436035,-7.807400703430176,28
17.179277420043945,8.977131843566895,-7.447574138641357,28
16.206745147705078,8.934357643127441,-7.118655204772949,28
15.231968879699707,8.862852096557617,-6.814631938934326,28
14.256061553955078,8.765506744384766,-6.529655933380127,28
13.280473709106445,8.64522933959961,-6.259079456329346,28
12.307061195373535,8.505045890808105,-6.000020980834961,28
11.338241577148438,8.348190307617188,-5.751242160797119,28
10.376554489135742,8.178110122680664,-5.51284122467041,28
9.424473762512207,7.998486042022705,-5.285214424133301,28
8.483940124511719,7.8132004737854,-5.06825590133667,28
7.556069374084473,7.6263322830200195,-4.860799789428711,28
6.64111328125,7.4419026374816895,-4.6600565910339355,28
5.738491535186768,7.263731002807617,-4.46189022064209,28
4.847053527832031,7.095309257507324,-4.261153221130371,28
3.9653990268707275,6.939500331878662,-4.052546501159668,28
3.092235565185547,6.798452854156494,-3.8314595222473145,28
2.2264723777770996,6.673526287078857,-3.595156669616699,28
1.3674778938293457,6.5652923583984375,-3.343269109725952,28
0.5149174332618713,6.47349739074707,-3.0781023502349854,28
-0.331246018409729,6.3971452713012695,-2.8044638633728027,28
-1.1707898378372192,6.334527492523193,-2.5292742252349854,28
-2.003464460372925,6.283280372619629,-2.260878801345825,28
-2.828909158706665,6.240594387054443,-2.0080695152282715,28
-3.6467690467834473,6.203359127044678,-1.7793625593185425,28
-4.456621170043945,6.168321132659912,-1.5821253061294556,28
-5.257920265197754,6.1323723793029785,-1.422014594078064,28
-6.049840927124023,6.092710494995117,-1.30257248878479,28
-6.831266403198242,6.046926498413086,-1.2251722812652588,28
-7.600586891174316,5.993196964263916,-1.1889925003051758,28
-8.355714797973633,5.930212020874023,-1.1913015842437744,28
-9.09398365020752,5.857202529907227,-1.227710485458374,28
-9.812149047851562,5.773789882659912,-1.2926111221313477,28
-10.506230354309082,5.680052280426025,-1.3793607950210571,28
-11.171453475952148,5.576220512390137,-1.4807549715042114,28
-11.802008628845215,5.462753772735596,-1.5892996788024902,28
-12.390926361083984,5.34004020690918,-1.6976988315582275,28
-12.929842948913574,5.208352565765381,-1.7995213270187378,29
-13.408794403076172,5.067619323730469,-1.8897393941879272,29
-13.816351890563965,4.917374610900879,-1.9656070470809937,29
-14.139562606811523,4.756538391113281,-2.02689528465271,29
-14.364446640014648,4.583357334136963,-2.0764317512512207,29
-14.476632118225098,4.395491600036621,-2.119931697845459,29
-14.462220191955566,4.189988136291504,-2.1656367778778076,29
-14.308710098266602,3.9636502265930176,-2.2236618995666504,29
-14.006174087524414,3.7133607864379883,-2.3054440021514893,29
-13.5477294921875,3.4366395473480225,-2.422971725463867,29
-12.930350303649902,3.132183074951172,-2.5886363983154297,29
-12.15468978881836,2.8005294799804688,-2.814541816711426,29
-11.225099563598633,2.444443941116333,-3.11240291595459,29
-10.149201393127441,2.069319486618042,-3.49297833442688,29
-8.937013626098633,1.6830254793167114,-3.9654054641723633,29
-7.600576400756836,1.2955886125564575,-4.536545276641846,29
-6.153145790100098,0.9185411334037781,-5.209662437438965,29
-4.608885288238525,0.564124345779419,-5.983287811279297,29
-2.9825992584228516,0.24462389945983887,-6.849881172180176,29
-1.2897849082946777,-0.028422579169273376,-7.794797897338867,29
0.45337873697280884,-0.24483653903007507,-8.795648574829102,29
2.230070114135742,-0.39627766609191895,-9.822589874267578,29
4.022953033447266,-0.4767952859401703,-10.840020179748535,29
5.814960479736328,-0.48321154713630676,-11.809850692749023,29
7.589913845062256,-0.4154031574726105,-12.695826530456543,29
9.333300590515137,-0.2766414284706116,-13.467194557189941,29
11.032901763916016,-0.07357089221477509,-14.101980209350586,29
12.67913818359375,0.18398095667362213,-14.588847160339355,29
14.265108108520508,0.4833204746246338,-14.927849769592285,29
15.786346435546875,0.8097676634788513,-15.129731178283691,29
17.240190505981445,1.1475883722305298,-15.213724136352539,29
18.62497901916504,1.4812759160995483,-15.204610824584961,29
19.939311981201172,1.796683430671692,-15.129843711853027,29
21.181428909301758,2.0819146633148193,-15.017319679260254,29
22.34899139404297,2.3281350135803223,-14.893534660339355,29
23.438880920410156,2.529820442199707,-14.782511711120605,29
24.447420120239258,2.6847548484802246,-14.704712867736816,29
25.370542526245117,2.793642997741699,-14.677239418029785,29
26.20440673828125,2.8594810962677,-14.71432113647461,29
26.945756912231445,2.886646270751953,-14.82763385772705,29
27.592370986938477,2.8802096843719482,-15.02657699584961,29
28.14336395263672,2.845233917236328,-15.318055152893066,29
28.59967041015625,2.786165237426758,-15.706308364868164,29
28.964319229125977,2.7064568996429443,-16.19314956665039,29
29.24249267578125,2.60846209526062,-16.777406692504883,29
29.441574096679688,2.4934661388397217,-17.45386505126953,29
29.570846557617188,2.3620738983154297,-18.21240234375,29
29.641124725341797,2.2146761417388916,-19.03765869140625,29
29.664142608642578,2.0520126819610596,-19.908973693847656,29
29.652023315429688,1.875765085220337,-20.80120086669922,29
29.616619110107422,1.688989281654358,-21.686193466186523,29
29.569074630737305,1.4962375164031982,-22.534603118896484,29
29.51934051513672,1.3034402132034302,-23.318124771118164,29
29.4759578704834,1.117545485496521,-24.011518478393555,29
29.445703506469727,0.9460731744766235,-24.5938663482666,29
29.43317413330078,0.7965188026428223,-25.04905128479004,29
29.440645217895508,0.6760112047195435,-25.365703582763672,29
29.467914581298828,0.5907902121543884,-25.536867141723633,29
29.51239013671875,0.5458946228027344,-25.5596923828125,29
29.569507598876953,0.544838547706604,-25.435413360595703,29
29.633188247680664,0.5894320607185364,-25.16929054260254,29
29.69654655456543,0.6797792911529541,-24.7707576751709,29
29.752546310424805,0.8143121600151062,-24.253520965576172,29
29.794498443603516,0.9899851083755493,-23.635208129882812,29
29.816614151000977,1.2027099132537842,-22.937088012695312,29
29.81418228149414,1.4477808475494385,-22.182933807373047,29
29.783477783203125,1.7204548120498657,-21.397794723510742,29
29.72162628173828,2.0164735317230225,-20.606035232543945,29
29.62601089477539,2.3324828147888184,-19.829397201538086,29
29.49396514892578,2.6662940979003906,-19.08502960205078,29
29.322391510009766,3.016775369644165,-18.384153366088867,29
29.107851028442383,3.38352370262146,-17.732074737548828,29
28.84682273864746,3.7662529945373535,-17.128870010375977,29
28.5361270904541,4.164299964904785,-16.57074737548828,29
28.17337989807129,4.575953483581543,-16.05129051208496,29
27.757230758666992,4.9981279373168945,-15.56238842010498,29
27.28750991821289,5.426184177398682,-15.095081329345703,29
26.7651309967041,5.854170322418213,-14.640262603759766,29
26.191953659057617,6.275002479553223,-14.189579963684082,29
25.570537567138672,6.681091785430908,-13.73616886138916,29
24.904069900512695,7.064842700958252,-13.2756929397583,29
24.19605255126953,7.419356346130371,-12.806436538696289,29
23.45026397705078,7.738879203796387,-12.32913875579834,29
22.6705379486084,8.019294738769531,-11.846423149108887,29
21.8607177734375,8.25830364227295,-11.362088203430176,29
21.02458381652832,8.45539379119873,-10.880428314208984,29
20.165666580200195,8.61153793334961,-10.405290603637695,29
19.2872257232666,8.728840827941895,-9.939840316772461,29
18.3920841217041,8.810054779052734,-9.485940933227539,29
17.482704162597656,8.858170509338379,-9.044549942016602,29
16.561195373535156,8.876143455505371,-8.615681648254395,29
15.6295166015625,8.866586685180664,-8.199275970458984,29
14.689592361450195,8.831768035888672,-7.79562520980835,29
13.743334770202637,8.773743629455566,-7.405881881713867,29
12.792773246765137,8.694450378417969,-7.032235622406006,29
11.839837074279785,8.596177101135254,-6.677773952484131,29
10.886312484741211,8.4816255569458,-6.345864772796631,29
9.933457374572754,8.354218482971191,-6.039516925811768,29
8.981863975524902,8.218040466308594,-5.760453701019287,29
8.031447410583496,8.07767105102539,-5.508545875549316,29
7.081404209136963,7.937819480895996,-5.2816314697265625,29
6.130513668060303,7.8030242919921875,-5.0756120681762695,29
5.177607536315918,7.677143573760986,-4.88521671295166,29
4.221864700317383,7.563166618347168,-4.704943656921387,29
3.2634551525115967,7.46295690536499,-4.529881954193115,29
2.3036248683929443,7.3772735595703125,-4.35667610168457,29
1.3450015783309937,7.305816173553467,-4.183864593505859,29
0.3913325071334839,7.247467517852783,-4.01205587387085,29
-0.5524578094482422,7.200438499450684,-3.8437063694000244,29
-1.4809750318527222,7.16262149810791,-3.68292498588562,29
-2.388413906097412,7.131701469421387,-3.534677743911743,29
-3.2693369388580322,7.105352878570557,-3.4043610095977783,29
-4.119077682495117,7.081371784210205,-3.2968602180480957,29
-4.934147834777832,7.057750225067139,-3.2156331539154053,29
-5.712700843811035,7.032635688781738,-3.162231206893921,29
-6.454582691192627,7.00441312789917,-3.1360998153686523,29
-7.161190986633301,6.971554279327393,-3.1347389221191406,29
-7.8352789878845215,6.932556629180908,-3.154409408569336,29
-8.48034381866455,6.885802745819092,-3.1906216144561768,29
-9.100048065185547,6.829593658447266,-3.2387032508850098,29
-9.69758415222168,6.761926651000977,-3.294278860092163,29
-10.275053024291992,6.680639743804932,-3.353283405303955,29
-10.832747459411621,6.583439826965332,-3.4119248390197754,29
-11.368680000305176,6.467978477478027,-3.4666664600372314,29
-11.878117561340332,6.3321027755737305,-3.5143725872039795,29
-12.353418350219727,6.173858165740967,-3.5526177883148193,30
-12.784037590026855,5.991698741912842,-3.580091714859009,30
-13.156869888305664,5.784529685974121,-3.5973215103149414,30
-13.456741333007812,5.551625728607178,-3.6073336601257324,30
-13.667242050170898,5.292619705200195,-3.6161980628967285,30
-13.771706581115723,5.007369041442871,-3.632925510406494,30
-13.754385948181152,4.6959428787231445,-3.668771743774414,30
-13.601422309875488,4.358499050140381,-3.73624324798584,30
-13.301878929138184,3.995568037033081,-3.8480684757232666,30
-12.84799861907959,3.6082160472869873,-4.01649284362793,30
-12.23551082611084,3.1985156536102295,-4.252762317657471,30
-11.463635444641113,2.7698898315429688,-4.566236972808838,30
-10.535004615783691,2.3275985717773438,-4.963680744171143,30
-9.45549488067627,1.8788284063339233,-5.4483819007873535,30
-8.233870506286621,1.432623267173767,-6.019683837890625,30
-6.881219863891602,0.9993818402290344,-6.672962665557861,30
-5.410473823547363,0.590344250202179,-7.39994478225708,30
-3.835932731628418,0.2168227732181549,-8.189364433288574,30
-2.1728618144989014,-0.11032213270664215,-9.027770042419434,30
-0.4373495280742645,-0.38145890831947327,-9.9002685546875,30
1.3539860248565674,-0.5885788798332214,-10.790733337402344,30
3.184260129928589,-0.7258409857749939,-11.681920051574707,30
5.036553859710693,-0.7898204922676086,-12.555595397949219,30
6.894351482391357,-0.7798609733581543,-13.392980575561523,30
8.741917610168457,-0.6979795098304749,-14.175521850585938,30
10.564735412597656,-0.5489012002944946,-14.88602352142334,30
12.349806785583496,-0.3399218022823334,-15.509794235229492,30
14.086019515991211,-0.08045268803834915,-16.035903930664062,30
15.764166831970215,0.21823208034038544,-16.458221435546875,30
17.376920700073242,0.5436966419219971,-16.775781631469727,30
18.918556213378906,0.8828949332237244,-16.992887496948242,30
20.384611129760742,1.2229728698730469,-17.118593215942383,30
21.77139663696289,1.552019715309143,-17.16608238220215,30
23.075693130493164,1.8596508502960205,-17.1517276763916,30
24.294391632080078,2.1375579833984375,-17.094417572021484,30
25.42444610595703,2.379708766937256,-17.014488220214844,30
26.462730407714844,2.5824992656707764,-16.93268394470215,30
27.406190872192383,2.7443864345550537,-16.869077682495117,30
28.252098083496094,2.865495204925537,-16.842247009277344,30
28.998397827148438,2.9470694065093994,-16.8685245513916,30
29.643922805786133,2.99096417427063,-16.961530685424805,30
30.188852310180664,2.9992077350616455,-17.13144874572754,30
30.634904861450195,2.9737188816070557,-17.385089874267578,30
30.98568344116211,2.9160656929016113,-17.72553253173828,30
31.246789932250977,2.827510118484497,-18.152538299560547,30
31.426008224487305,2.709073066711426,-18.6625919342041,30
31.533008575439453,2.561875343322754,-19.249149322509766,30
31.579042434692383,2.387561082839966,-19.902118682861328,30
31.576234817504883,2.1886820793151855,-20.607229232788086,30
31.53689956665039,1.9691410064697266,-21.345975875854492,30
31.47297477722168,1.7344036102294922,-22.096233367919922,30
31.395343780517578,1.4915398359298706,-22.833820343017578,30
31.313575744628906,1.2488889694213867,-23.533893585205078,30
31.23541831970215,1.0157550573349,-24.173076629638672,30
31.16669273376465,0.8017631769180298,-24.730396270751953,30
31.111000061035156,0.6163822412490845,-25.188318252563477,30
31.069690704345703,0.46827617287635803,-25.532909393310547,30
31.0418701171875,0.364926278591156,-25.75404930114746,30
31.024803161621094,0.312177836894989,-25.845293045043945,30
31.014175415039062,0.3138973116874695,-25.804054260253906,30
31.00465965270996,0.371804803609848,-25.63149070739746,30
30.990415573120117,0.4854125678539276,-25.332517623901367,30
30.965557098388672,0.6520454287528992,-24.915637969970703,30
30.924449920654297,0.8671704530715942,-24.392728805541992,30
30.861970901489258,1.1249308586120605,-23.778505325317383,30
30.773479461669922,1.4186630249023438,-23.089574813842773,30
30.6547794342041,1.7416865825653076,-22.343708038330078,30
30.501726150512695,2.0878360271453857,-21.558338165283203,30
30.3102970123291,2.452094554901123,-20.74951171875,30
30.07621192932129,2.830880880355835,-19.931013107299805,30
29.795310974121094,3.222017288208008,-19.114215850830078,30
29.463857650756836,3.6245436668395996,-18.308515548706055,30
29.079133987426758,4.038180351257324,-17.521915435791016,30
28.639739990234375,4.462760925292969,-16.761449813842773,30
28.145788192749023,4.897584915161133,-16.032623291015625,30
27.598867416381836,5.340899467468262,-15.338777542114258,30
27.00153160095215,5.7895827293396,-14.680313110351562,30
26.35704231262207,6.23901891708374,-14.054800987243652,30
25.66885757446289,6.683244705200195,-13.457395553588867,30
24.940332412719727,7.115262508392334,-12.881830215454102,30
24.174467086791992,7.5274763107299805,-12.321292877197266,30
23.373924255371094,7.912425994873047,-11.769548416137695,30
22.540800094604492,8.263314247131348,-11.221709251403809,30
21.677011489868164,8.57458782196045,-10.674930572509766,30
20.784198760986328,8.842182159423828,-10.128551483154297,30
19.864002227783203,9.06379222869873,-9.58396053314209,30
18.9180965423584,9.23868179321289,-9.044025421142578,30
17.94828224182129,9.367506980895996,-8.512823104858398,30
16.956687927246094,9.45196533203125,-7.995013236999512,30
15.945714950561523,9.494468688964844,-7.49541711807251,30
14.91823959350586,9.497817039489746,-7.018923759460449,30
13.877636909484863,9.46500301361084,-6.570395469665527,30
12.827751159667969,9.399072647094727,-6.154733657836914,30
11.77296257019043,9.303183555603027,-5.776805400848389,30
10.717842102050781,9.180657386779785,-5.441343307495117,30
9.667008399963379,9.035115242004395,-5.152630805969238,30
8.62465763092041,8.8706636428833,-4.913808822631836,30
7.594174861907959,8.691925048828125,-4.72605562210083,30
6.577690124511719,8.503925323486328,-4.5877885818481445,30
5.575920581817627,8.311962127685547,-4.494228839874268,30
4.5881733894348145,8.121369361877441,-4.437508583068848,30
3.6127829551696777,7.937107563018799,-4.40747594833374,30
2.64758563041687,7.76364803314209,-4.393049240112305,30
1.690539836883545,7.604564666748047,-4.383595943450928,30
0.7403531670570374,7.462619304656982,-4.3702826499938965,30
-0.20309613645076752,7.339511871337891,-4.346900463104248,30
-1.1385711431503296,7.236020088195801,-4.310385227203369,30
-2.0634686946868896,7.15201997756958,-4.260578155517578,30
-2.973980188369751,7.086611747741699,-4.199665069580078,30
-3.8656954765319824,7.038254737854004,-4.131323337554932,30
-4.734106063842773,7.0050153732299805,-4.059650897979736,30
-5.575204372406006,6.984586238861084,-3.9881789684295654,30
-6.386004447937012,6.974417209625244,-3.919198513031006,30
-7.164923191070557,6.971680641174316,-3.8534271717071533,30
-7.911896705627441,6.973292350769043,-3.7900524139404297,30
-8.628246307373047,6.975771427154541,-3.7274420261383057,30
-9.316325187683105,6.975259780883789,-3.663642644882202,30
-9.978973388671875,6.967512130737305,-3.5972092151641846,30
-10.618884086608887,6.947979927062988,-3.5275754928588867,30
-11.237977981567383,6.911986351013184,-3.455415725708008,30
-11.83656120300293,6.854966163635254,-3.382514476776123,30
-12.412894248962402,6.772700786590576,-3.311709403991699,30
-12.962555885314941,6.661584854125977,-3.246547222137451,30
-13.478035926818848,6.518853187561035,-3.1908652782440186,30
-13.948615074157715,6.3427414894104,-3.1485557556152344,30
-14.360379219055176,6.13250732421875,-3.123347043991089,31
-14.69664478302002,5.888423919677734,-3.1186840534210205,31
-14.93872356414795,5.611660957336426,-3.137624979019165,31
-15.066898345947266,5.303980350494385,-3.182826042175293,31
-15.061841011047363,4.967579364776611,-3.256274700164795,31
-14.90589427947998,4.604973793029785,-3.3594062328338623,31
-14.584259033203125,4.2188005447387695,-3.4933831691741943,31
-14.085973739624023,3.8120532035827637,-3.660207986831665,31
-13.404500007629395,3.3880903720855713,-3.864199161529541,31
-12.53809928894043,2.9510583877563477,-4.112936496734619,31
-11.490050315856934,2.5061895847320557,-4.416680812835693,31
-10.268709182739258,2.060192584991455,-4.786858081817627,31
-8.88714599609375,1.621504306793213,-5.234244346618652,31
-7.3622565269470215,1.2000925540924072,-5.7672624588012695,31
-5.713639736175537,0.806906521320343,-6.3913373947143555,31
-3.962245225906372,0.45310306549072266,-7.10820198059082,31
-2.129504442214966,0.1491711586713791,-7.915043354034424,31
-0.23653873801231384,-0.09588571637868881,-8.803236961364746,31
1.696006178855896,-0.2750651240348816,-9.757314682006836,31
3.648190975189209,-0.38371750712394714,-10.754762649536133,31
5.601090431213379,-0.41985151171684265,-11.767192840576172,31
7.537214279174805,-0.38411346077919006,-12.762653350830078,31
9.440752983093262,-0.27992552518844604,-13.708693504333496,31
11.298090934753418,-0.11336863040924072,-14.575249671936035,31
13.097956657409668,0.10684263706207275,-15.337862968444824,31
14.831487655639648,0.36972516775131226,-15.979912757873535,31
16.492237091064453,0.6623552441596985,-16.493854522705078,31
18.07567596435547,0.9707364439964294,-16.88117027282715,31
19.578617095947266,1.280698299407959,-17.15077018737793,31
20.998506546020508,1.5789755582809448,-17.317333221435547,31
22.333045959472656,1.8540136814117432,-17.399118423461914,31
23.579858779907227,2.096653461456299,-17.416608810424805,31
24.73646354675293,2.3004724979400635,-17.390884399414062,31
25.800304412841797,2.461885690689087,-17.34302520751953,31
26.769115447998047,2.5798325538635254,-17.29339599609375,31
27.641136169433594,2.6553452014923096,-17.261749267578125,31
28.415559768676758,2.6908915042877197,-17.26656723022461,31
29.0925350189209,2.689790725708008,-17.32479476928711,31
29.67351722717285,2.655729055404663,-17.450876235961914,31
30.161212921142578,2.592268466949463,-17.655908584594727,31
30.559724807739258,2.502633810043335,-17.946874618530273,31
30.874500274658203,2.389496088027954,-18.326160430908203,31
31.11237907409668,2.2550902366638184,-18.791297912597656,31
31.281251907348633,2.1013989448547363,-19.33446502685547,31
31.389970779418945,1.9305570125579834,-19.94211769104004,31
31.44761085510254,1.7453001737594604,-20.594953536987305,31
31.463193893432617,1.549353003501892,-21.268245697021484,31
31.4450740814209,1.347778558731079,-21.93347930908203,31
31.400732040405273,1.1469630002975464,-22.559934616088867,31
31.336559295654297,0.9545139074325562,-23.11739730834961,31
31.257654190063477,0.7787166237831116,-23.57822036743164,31
31.167795181274414,0.6280989646911621,-23.91917610168457,31
31.069259643554688,0.5107085704803467,-24.12271499633789,31
30.96271324157715,0.43363648653030396,-24.177291870117188,31
30.84728240966797,0.40237540006637573,-24.077882766723633,31
30.721036911010742,0.42044955492019653,-23.826231002807617,31
30.581378936767578,0.4892031252384186,-23.43107795715332,31
30.425846099853516,0.6076546907424927,-22.908252716064453,31
30.252704620361328,0.7727938890457153,-22.280559539794922,31
30.06143569946289,0.9798222184181213,-21.57648468017578,31
29.852861404418945,1.2227472066879272,-20.82851219177246,31
29.62897491455078,1.4949862957000732,-20.070438385009766,31
29.3924617767334,1.789926290512085,-19.33414077758789,31
29.14571762084961,2.1016838550567627,-18.64592170715332,31
28.89005470275879,2.4255287647247314,-18.022966384887695,31
28.62483787536621,2.75829815864563,-17.47154426574707,31
28.347209930419922,3.098477840423584,-16.986783981323242,31
28.052066802978516,3.445918321609497,-16.554733276367188,31
27.732685089111328,3.801442861557007,-16.155677795410156,31
27.38159942626953,4.165978908538818,-15.767782211303711,31
26.99144744873047,4.539943695068359,-15.37079906463623,31
26.555835723876953,4.922401428222656,-14.94818115234375,31
26.070039749145508,5.310812473297119,-14.4889554977417,31
25.531431198120117,5.700876712799072,-13.988554000854492,31
24.939708709716797,6.086677074432373,-13.448799133300781,31
24.296743392944336,6.461233615875244,-12.877169609069824,31
23.60628890991211,6.817102909088135,-12.28522777557373,31
22.873579025268555,7.14700984954834,-11.687368392944336,31
22.104707717895508,7.444531440734863,-11.099185943603516,31
21.306316375732422,7.704397678375244,-10.53615951538086,31
20.484861373901367,7.922844409942627,-10.012018203735352,31
19.646337509155273,8.097512245178223,-9.53725814819336,31
18.795761108398438,8.227433204650879,-9.118124008178711,31
17.937047958374023,8.312799453735352,-8.756293296813965,31
17.0728702545166,8.35483169555664,-8.449690818786621,31
16.204757690429688,8.355568885803223,-8.193074226379395,31
15.333208084106445,8.31777572631836,-7.979010581970215,31
14.458029747009277,8.244848251342773,-7.799400806427002,31
13.5786771774292,8.14077377319336,-7.646337985992432,31
12.694425582885742,8.010077476501465,-7.512599468231201,31
11.804654121398926,7.85775089263916,-7.391962051391602,31
10.90877628326416,7.68914794921875,-7.279175281524658,31
10.006293296813965,7.5098371505737305,-7.169689655303955,31
9.096576690673828,7.325356483459473,-7.058947563171387,31
8.178610801696777,7.14096736907959,-6.941731929779053,31
7.250904083251953,6.961440563201904,-6.811696529388428,31
6.311590194702148,6.790839672088623,-6.661789894104004,31
5.358482837677002,6.6324052810668945,-6.484930992126465,31
4.389618396759033,6.488445281982422,-6.275102138519287,31
3.403562068939209,6.360337734222412,-6.028515338897705,31
2.3999452590942383,6.2486252784729,-5.744534015655518,31
1.3798671960830688,6.153090000152588,-5.426408290863037,31
0.346023291349411,6.072962284088135,-5.081462860107422,31
-0.6971492767333984,6.0069899559021,-4.720704078674316,31
-1.7434964179992676,5.953591823577881,-4.357998847961426,31
-2.785475730895996,5.911011219024658,-4.009060859680176,31
-3.814303398132324,5.877287864685059,-3.6899166107177734,31
-4.820630073547363,5.850529193878174,-3.415217876434326,31
-5.795045375823975,5.828822135925293,-3.1966373920440674,31
-6.7290191650390625,5.810506343841553,-3.0416653156280518,31
-7.6154680252075195,5.794107913970947,-2.952692747116089,31
-8.449283599853516,5.778409481048584,-2.9269328117370605,31
-9.227946281433105,5.762342929840088,-2.956997871398926,31
-9.951302528381348,5.744922161102295,-3.0318236351013184,31
-10.621586799621582,5.725032329559326,-3.1379776000976562,31
-11.242756843566895,5.701254844665527,-3.2610771656036377,31
-11.81986141204834,5.671889305114746,-3.387028217315674,31
-12.358025550842285,5.63474702835083,-3.503059148788452,31
-12.861631393432617,5.5872931480407715,-3.5985453128814697,31
-13.333166122436523,5.526823043823242,-3.6654953956604004,31
-13.772595405578613,5.4506635665893555,-3.698930025100708,31
-14.176548957824707,5.356344699859619,-3.6971490383148193,31
-14.538122177124023,5.241812705993652,-3.6616554260253906,32
-14.846962928771973,5.105452537536621,-3.5972671508789062,32
-15.089494705200195,4.946147441864014,-3.5119433403015137,32
-15.249761581420898,4.76312780380249,-3.4165539741516113,32
-15.310331344604492,4.555827617645264,-3.3245315551757812,32
-15.25346565246582,4.3237786293029785,-3.2508111000061035,32
-15.062456130981445,4.066576957702637,-3.2109992504119873,32
-14.72280216217041,3.7840075492858887,-3.2202506065368652,32
-14.223225593566895,3.476205348968506,-3.2924647331237793,32
-13.556163787841797,3.1440041065216064,-3.4399020671844482,32
-12.718144416809082,2.7894301414489746,-3.6728451251983643,32
-11.709635734558105,2.4160866737365723,-3.999678134918213,32
-10.534802436828613,2.029613494873047,-4.426756858825684,32
-9.200983047485352,1.6378083229064941,-4.958247661590576,32
-7.718196392059326,1.2505745887756348,-5.595455169677734,32
-6.098843097686768,0.8796052932739258,-6.335781574249268,32
-4.357312202453613,0.5377054214477539,-7.171754360198975,32
-2.5098607540130615,0.2383076697587967,-8.089983940124512,32
-0.574421226978302,-0.005443028174340725,-9.070751190185547,32
1.4294285774230957,-0.18138113617897034,-10.088031768798828,32
3.4808506965637207,-0.2791108191013336,-11.110651969909668,32
5.558141708374023,-0.2909514307975769,-12.104693412780762,32
7.639647483825684,-0.21264196932315826,-13.03676700592041,32
9.704639434814453,-0.043889597058296204,-13.87730598449707,32
11.734241485595703,0.21117855608463287,-14.603347778320312,32
13.712030410766602,0.544049084186554,-15.200446128845215,32
15.62455940246582,0.94218510389328,-15.663503646850586,32
17.461307525634766,1.3897737264633179,-15.996310234069824,32
19.214324951171875,1.8688831329345703,-16.209991455078125,32
20.877519607543945,2.360834836959839,-16.32077407836914,32
22.44579315185547,2.847594976425171,-16.347688674926758,32
23.914531707763672,3.312898635864258,-16.310747146606445,32
25.2790470123291,3.7432005405426025,-16.229801177978516,32
26.534618377685547,4.128055572509766,-16.123497009277344,32
27.676490783691406,4.460388660430908,-16.0093994140625,32
28.700332641601562,4.736221790313721,-15.903951644897461,32
29.60258674621582,4.954323768615723,-15.82235050201416,32
30.380725860595703,5.115621089935303,-15.777939796447754,32
31.03350067138672,5.222772121429443,-15.7819185256958,32
31.561241149902344,5.279412269592285,-15.842437744140625,32
31.96598243713379,5.289637565612793,-15.964933395385742,32
32.25185012817383,5.257549285888672,-16.151416778564453,32
32.42514419555664,5.186896800994873,-16.400232315063477,32
32.494415283203125,5.0810441970825195,-16.705928802490234,32
32.47054672241211,4.943007946014404,-17.059112548828125,32
32.366477966308594,4.775760650634766,-17.446989059448242,32
32.19702911376953,4.582636833190918,-17.853973388671875,32
31.978212356567383,4.3676862716674805,-18.26276206970215,32
31.726768493652344,4.136047840118408,-18.65574836730957,32
31.45912742614746,3.894087314605713,-19.01643180847168,32
31.19063949584961,3.649385929107666,-19.330720901489258,32
30.934890747070312,3.410548210144043,-19.587928771972656,32
30.702585220336914,3.1867971420288086,-19.781051635742188,32
30.501081466674805,2.9875123500823975,-19.906736373901367,32
30.333864212036133,2.821455717086792,-19.9645938873291,32
30.20043182373047,2.696302652359009,-19.956871032714844,32
30.096607208251953,2.617999792098999,-19.887714385986328,32
30.015214920043945,2.5904221534729004,-19.76277732849121,32
29.9470157623291,2.6152760982513428,-19.58881378173828,32
29.881736755371094,2.692166805267334,-19.373279571533203,32
29.809083938598633,2.818831205368042,-19.123855590820312,32
29.719436645507812,2.9914307594299316,-18.848007202148438,32
29.604549407958984,3.205010414123535,-18.55232048034668,32
29.457639694213867,3.4539034366607666,-18.24172019958496,32
29.273418426513672,3.7321324348449707,-17.91844367980957,32
29.047725677490234,4.033732891082764,-17.581005096435547,32
28.777177810668945,4.353114604949951,-17.224361419677734,32
28.459035873413086,4.685031890869141,-16.84071922302246,32
28.09097671508789,5.024547100067139,-16.421489715576172,32
27.671228408813477,5.366939544677734,-15.959450721740723,32
27.198577880859375,5.707483768463135,-15.450215339660645,32
26.672386169433594,6.041492462158203,-14.893722534179688,32
26.09273910522461,6.364317417144775,-14.294354438781738,32
25.460342407226562,6.67159366607666,-13.660612106323242,32
24.77655029296875,6.959327220916748,-13.004362106323242,32
24.043476104736328,7.22410774230957,-12.339552879333496,32
23.263927459716797,7.463084697723389,-11.680951118469238,32
22.44143295288086,7.673953056335449,-11.04267692565918,32
21.580181121826172,7.85488224029541,-10.437102317810059,32
20.6849365234375,8.004343032836914,-9.873368263244629,32
19.760807037353516,8.121068000793457,-9.357068061828613,32
18.81313705444336,8.203978538513184,-8.890425682067871,32
17.847484588623047,8.252191543579102,-8.472929954528809,32
16.869140625,8.265279769897461,-8.101720809936523,32
15.883130073547363,8.243391990661621,-7.772270202636719,32
14.894124031066895,8.18743896484375,-7.479197025299072,32
13.90639877319336,8.099252700805664,-7.217188358306885,32
12.923969268798828,7.9816131591796875,-6.981833457946777,32
11.950468063354492,7.838185787200928,-6.770133972167969,32
10.98914909362793,7.673369407653809,-6.5804266929626465,32
10.042576789855957,7.492117404937744,-6.412154674530029,32
9.112414360046387,7.299722671508789,-6.265293121337891,32
8.199172973632812,7.101533889770508,-6.139434814453125,32
7.302031517028809,6.902796745300293,-6.033407688140869,32
6.418909549713135,6.708369731903076,-5.944639205932617,32
5.546608924865723,6.52260160446167,-5.869357585906982,32
4.680997371673584,6.3491740226745605,-5.802689075469971,32
3.8175814151763916,6.191036701202393,-5.739073753356934,32
2.951730728149414,6.050355911254883,-5.672626495361328,32
2.079274892807007,5.92849588394165,-5.597661972045898,32
1.1969789266586304,5.826084136962891,-5.5092363357543945,32
0.303023099899292,5.742905616760254,-5.403783798217773,32
-0.6027169823646545,5.6780548095703125,-5.279727458953857,32
-1.5184025764465332,5.6299052238464355,-5.137614727020264,32
-2.44035005569458,5.596262454986572,-4.979962348937988,32
-3.3631677627563477,5.574566841125488,-4.810921669006348,32
-4.280303001403809,5.5620598793029785,-4.63584041595459,32
-5.184295654296875,5.555970668792725,-4.460755348205566,32
-6.067569255828857,5.553713798522949,-4.292033672332764,32
-6.923022270202637,5.552990913391113,-4.135984420776367,32
-7.74454402923584,5.5517706871032715,-3.99853777885437,32
-8.527584075927734,5.548332214355469,-3.884840726852417,32
-9.269411087036133,5.54107141494751,-3.7991647720336914,32
-9.969204902648926,5.528317928314209,-3.744534730911255,32
-10.627911567687988,5.508285045623779,-3.722611427307129,32
-11.247964859008789,5.478819370269775,-3.733600378036499,32
-11.832742691040039,5.4374775886535645,-3.7762176990509033,32
-12.385974884033203,5.381460666656494,-3.847673177719116,32
-12.910820960998535,5.307788372039795,-3.9438161849975586,32
-13.409170150756836,5.213493347167969,-4.059362888336182,32
-13.880674362182617,5.095944404602051,-4.18802547454834,32
-14.322264671325684,4.953127384185791,-4.322988510131836,32
-14.72761058807373,4.783903121948242,-4.457104206085205,32
-15.087105751037598,4.588189125061035,-4.583237171173096,33
-15.388239860534668,4.367025852203369,-4.694700241088867,33
-15.616167068481445,4.122370719909668,-4.785611629486084,33
-15.754690170288086,3.856904983520508,-4.851465225219727,33
-15.787424087524414,3.573521375656128,-4.8900227546691895,33
-15.698966026306152,3.275123119354248,-4.901875972747803,33
-15.475896835327148,2.9641764163970947,-4.89124059677124,33
-15.107648849487305,2.6427347660064697,-4.866398334503174,33
-14.58699893951416,2.3125665187835693,-4.840166091918945,33
-13.910172462463379,1.9755570888519287,-4.829714298248291,33
-13.077040672302246,1.634002923965454,-4.856005668640137,33
-12.090927124023438,1.2913049459457397,-4.942067623138428,33
-10.958576202392578,0.9522767066955566,-5.11061429977417,33
-9.68972396850586,0.6233606338500977,-5.381233215332031,33
-8.29667854309082,0.31234508752822876,-5.767880439758301,33
-6.793639183044434,0.027927204966545105,-6.276869773864746,33
-5.196139812469482,-0.22101421654224396,-6.905930519104004,33
-3.5203068256378174,-0.42606398463249207,-7.644375801086426,33
-1.782401442527771,-0.5797758102416992,-8.474082946777344,33
0.0016553245950490236,-0.6761084794998169,-9.370975494384766,33
1.8162834644317627,-0.7107471227645874,-10.306702613830566,33
3.646469831466675,-0.6812652945518494,-11.250199317932129,33
5.477759838104248,-0.587220311164856,-12.169639587402344,33
7.296589374542236,-0.4304344952106476,-13.034311294555664,33
9.090472221374512,-0.21484000980854034,-13.816964149475098,33
10.84847354888916,0.05334264785051346,-14.495587348937988,33
12.561234474182129,0.3658289313316345,-15.055150985717773,33
14.221003532409668,0.7125626802444458,-15.488032341003418,33
15.821372985839844,1.0821517705917358,-15.794319152832031,33
17.35702133178711,1.4624546766281128,-15.981040954589844,33
18.823226928710938,1.8412888050079346,-16.061580657958984,33
20.21567153930664,2.2070982456207275,-16.054283142089844,33
21.530031204223633,2.5497498512268066,-15.981285095214844,33
22.76186752319336,2.8610777854919434,-15.866952896118164,33
23.906496047973633,3.135248899459839,-15.736210823059082,33
24.959211349487305,3.3689377307891846,-15.612924575805664,33
25.91544532775879,3.5611515045166016,-15.518741607666016,33
26.771230697631836,3.71291184425354,-15.472193717956543,33
27.52355194091797,3.8266148567199707,-15.488249778747559,33
28.17083168029785,3.9056057929992676,-15.578022003173828,33
28.713258743286133,3.953505516052246,-15.748581886291504,33
29.15321159362793,3.9737958908081055,-16.003515243530273,33
29.495454788208008,3.969451904296875,-16.343036651611328,33
29.747209548950195,3.9426634311676025,-16.764612197875977,33
29.918161392211914,3.8948278427124023,-17.26276397705078,33
30.020095825195312,3.826798677444458,-17.82862663269043,33
30.06624412536621,3.7391905784606934,-18.449621200561523,33
30.07068634033203,3.6328470706939697,-19.109107971191406,33
30.047487258911133,3.5093443393707275,-19.78689956665039,33
30.009986877441406,3.3714189529418945,-20.45993423461914,33
29.969999313354492,3.223076820373535,-21.103721618652344,33
29.93730926513672,3.0696463584899902,-21.69366455078125,33
29.919097900390625,2.9175398349761963,-22.206666946411133,33
29.919574737548828,2.773937702178955,-22.622365951538086,33
29.939775466918945,2.6463425159454346,-22.92357635498047,33
29.97751235961914,2.5420989990234375,-23.097108840942383,33
30.027597427368164,2.467979669570923,-23.133962631225586,33
30.082529067993164,2.4296889305114746,-23.029991149902344,33
30.13319969177246,2.4315602779388428,-22.78630828857422,33
30.17011260986328,2.4763410091400146,-22.40950584411621,33
30.184139251708984,2.5651071071624756,-21.911983489990234,33
30.167692184448242,2.69722580909729,-21.31171417236328,33
30.115245819091797,2.8705832958221436,-20.631532669067383,33
30.023738861083984,3.081794261932373,-19.898157119750977,33
29.892541885375977,3.326587438583374,-19.13988494873047,33
29.722930908203125,3.6002631187438965,-18.384418487548828,33
29.517141342163086,3.8980534076690674,-17.656007766723633,33
29.277557373046875,4.21553373336792,-16.97286605834961,33
29.00577735900879,4.548717975616455,-16.34601402282715,33
28.70208740234375,4.894176959991455,-15.779190063476562,33
28.365379333496094,5.248826026916504,-15.270224571228027,33
27.993288040161133,5.6097211837768555,-14.812582969665527,33
27.582599639892578,5.973730564117432,-14.397186279296875,33
27.129716873168945,6.337399959564209,-14.01408576965332,33
26.631250381469727,6.696613311767578,-13.653568267822266,33
26.08441734313965,7.046725749969482,-13.30704402923584,33
25.487218856811523,7.382580757141113,-12.967482566833496,33
24.83885955810547,7.69870138168335,-12.629496574401855,33
24.139541625976562,7.989700794219971,-12.28933048248291,33
23.390621185302734,8.2506103515625,-11.94471549987793,33
22.594371795654297,8.477241516113281,-11.595257759094238,33
21.754043579101562,8.666478157043457,-11.242009162902832,33
20.87367820739746,8.816401481628418,-10.887484550476074,33
19.957754135131836,8.926302909851074,-10.534684181213379,33
19.01099395751953,8.996566772460938,-10.186296463012695,33
18.037981033325195,9.028546333312988,-9.844316482543945,33
17.042890548706055,9.024425506591797,-9.509295463562012,33
16.029396057128906,8.987003326416016,-9.180553436279297,33
15.000630378723145,8.919641494750977,-8.856412887573242,33
13.959548950195312,8.826045036315918,-8.534786224365234,33
12.90882396697998,8.71017837524414,-8.214028358459473,33
11.851212501525879,8.57613468170166,-7.893285751342773,33
10.789383888244629,8.428099632263184,-7.572747707366943,33
9.725854873657227,8.27032470703125,-7.253498554229736,33
8.662771224975586,8.107025146484375,-6.937157154083252,33
7.601699352264404,7.942336082458496,-6.625401020050049,33
6.543592929840088,7.780226707458496,-6.31957483291626,33
5.4887166023254395,7.624294281005859,-6.020328521728516,33
4.43688440322876,7.477706432342529,-5.727819919586182,33
3.3877553939819336,7.342941761016846,-5.441935062408447,33
2.3412210941314697,7.221664905548096,-5.162778377532959,33
1.2976408004760742,7.114770889282227,-4.891082286834717,33
0.2583790421485901,7.022274971008301,-4.6283793449401855,33
-0.774258553981781,6.943450450897217,-4.377326488494873,33
-1.7967158555984497,6.8769378662109375,-4.141592025756836,33
-2.8044166564941406,6.8208184242248535,-3.9255850315093994,33
-3.791863203048706,6.772824764251709,-3.733849287033081,33
-4.753168106079102,6.730603218078613,-3.570394992828369,33
-5.682428359985352,6.691874980926514,-3.4379608631134033,33
-6.574270725250244,6.654634475708008,-3.337475538253784,33
-7.424309730529785,6.617377281188965,-3.2678239345550537,33
-8.229475975036621,6.579028129577637,-3.225825071334839,33
-8.988298416137695,6.538891792297363,-3.2067525386810303,33
-9.700825691223145,6.496610641479492,-3.2046523094177246,33
-10.368633270263672,6.4518303871154785,-3.2131121158599854,33
-10.994390487670898,6.4040679931640625,-3.2256295680999756,33
-11.581483840942383,6.352570056915283,-3.2359883785247803,33
-12.133562088012695,6.296080112457275,-3.2385127544403076,33
-12.653657913208008,6.23289680480957,-3.2282044887542725,33
-13.143575668334961,6.160918712615967,-3.200788974761963,33
-13.603212356567383,6.077635288238525,-3.1531684398651123,33
-14.029803276062012,5.980389595031738,-3.083588123321533,33
-14.417566299438477,5.866469860076904,-2.9922075271606445,34
-14.757439613342285,5.733267784118652,-2.881732702255249,34
-15.037252426147461,5.578433990478516,-2.757896661758423,34
-15.242118835449219,5.399859428405762,-2.6296002864837646,34
-15.355351448059082,5.195802211761475,-2.508782386779785,34
-15.359536170959473,4.964807033538818,-2.409653902053833,34
-15.237859725952148,4.705810070037842,-2.3475964069366455,34
-14.97554874420166,4.418127536773682,-2.3377909660339355,34
-14.56088924407959,4.10166597366333,-2.3939719200134277,34
-13.986141204833984,3.7571606636047363,-2.52761173248291,34
-13.247941017150879,3.386505126953125,-2.747953176498413,34
-12.347238540649414,2.9931182861328125,-3.0618646144866943,34
-11.288971900939941,2.582249402999878,-3.4742696285247803,34
-10.081048965454102,2.1609790325164795,-3.988553047180176,34
-8.733652114868164,1.7379155158996582,-4.606719017028809,34
-7.258276462554932,1.3228203058242798,-5.3289265632629395,34
-5.667576789855957,0.9261106848716736,-6.152647972106934,34
-3.9751317501068115,0.5582827925682068,-7.070967197418213,34
-2.1958911418914795,0.22952301800251007,-8.070930480957031,34
-0.3463507890701294,-0.050739459693431854,-9.132820129394531,34
1.5556527376174927,-0.2742353677749634,-10.230819702148438,34
3.491330862045288,-0.43432819843292236,-11.334705352783203,34
5.441464900970459,-0.5263924598693848,-12.411877632141113,34
7.386889934539795,-0.5482016801834106,-13.429654121398926,34
9.309359550476074,-0.5001387596130371,-14.357528686523438,34
11.192083358764648,-0.38529014587402344,-15.170000076293945,34
13.020374298095703,-0.20961879193782806,-15.848482131958008,34
14.781938552856445,0.018408378586173058,-16.382822036743164,34
16.466970443725586,0.2879985272884369,-16.771474838256836,34
18.067934036254883,0.586810290813446,-17.02130889892578,34
19.579120635986328,0.9014868140220642,-17.1462459564209,34
20.996248245239258,1.2187138795852661,-17.165754318237305,34
22.31589126586914,1.5258891582489014,-17.102827072143555,34
23.53515625,1.812002182006836,-16.982704162597656,34
24.65155029296875,2.068138599395752,-16.831134796142578,34
25.662805557250977,2.2878801822662354,-16.673233032226562,34
26.567045211791992,2.4672369956970215,-16.532175064086914,34
27.362934112548828,2.60444974899292,-16.428823471069336,34
28.050241470336914,2.6996824741363525,-16.381484985351562,34
28.629947662353516,2.7545244693756104,-16.405397415161133,34
29.104808807373047,2.7716567516326904,-16.512897491455078,34
29.479625701904297,2.7544660568237305,-16.713237762451172,34
29.76145362854004,2.7067699432373047,-17.01239013671875,34
29.9597225189209,2.632549285888672,-17.41292953491211,34
30.085906982421875,2.535876512527466,-17.913455963134766,34
30.153209686279297,2.420931339263916,-18.507909774780273,34
30.175662994384766,2.2920358180999756,-19.185226440429688,34
30.167402267456055,2.1538307666778564,-19.9288272857666,34
30.141847610473633,2.0112714767456055,-20.71686363220215,34
30.110807418823242,1.8697657585144043,-21.523700714111328,34
30.084035873413086,1.7349969148635864,-22.32136344909668,34
30.068897247314453,1.6126880645751953,-23.081758499145508,34
30.07005500793457,1.5084108114242554,-23.778736114501953,34
30.08941078186035,1.427245020866394,-24.389461517333984,34
30.126001358032227,1.3736562728881836,-24.89487648010254,34
30.17613410949707,1.3514456748962402,-25.27985954284668,34
30.23379135131836,1.3636213541030884,-25.533300399780273,34
30.29131507873535,1.4123567342758179,-25.647733688354492,34
30.340181350708008,1.4987682104110718,-25.619728088378906,34
30.372055053710938,1.6229560375213623,-25.44991683959961,34
30.379653930664062,1.7837648391723633,-25.143333435058594,34
30.35737419128418,1.9789111614227295,-24.70929718017578,34
30.30171775817871,2.2049038410186768,-24.161399841308594,34
30.211179733276367,2.4572842121124268,-23.516529083251953,34
30.08606719970703,2.731022596359253,-22.794111251831055,34
29.927631378173828,3.0209827423095703,-22.014610290527344,34
29.73743438720703,3.3224611282348633,-21.197782516479492,34
29.516265869140625,3.631746530532837,-20.361276626586914,34
29.263641357421875,3.9465110301971436,-19.519533157348633,34
28.97751808166504,4.265799045562744,-18.68387794494629,34
28.654644012451172,4.58979606628418,-17.86325454711914,34
28.291261672973633,4.919399738311768,-17.065452575683594,34
27.883974075317383,5.25550651550293,-16.297645568847656,34
27.430328369140625,5.598337650299072,-15.566421508789062,34
26.929471969604492,5.946847915649414,-14.877290725708008,34
26.38205909729004,6.298324108123779,-14.234073638916016,34
25.790321350097656,6.648259162902832,-13.638250350952148,34
25.15745735168457,6.990734100341797,-13.089058876037598,34
24.487289428710938,7.318824291229248,-12.583756446838379,34
23.78376579284668,7.625418663024902,-12.11829948425293,34
23.05050277709961,7.903719902038574,-11.687926292419434,34
22.290613174438477,8.14787769317627,-11.288079261779785,34
21.506412506103516,8.353302955627441,-10.914702415466309,34
20.6995906829834,8.51688003540039,-10.56462574005127,34
19.87104034423828,8.636945724487305,-10.235291481018066,34
19.021068572998047,8.713261604309082,-9.924509048461914,34
18.149402618408203,8.74683666229248,-9.630234718322754,34
17.25533676147461,8.73961353302002,-9.350238800048828,34
16.33810043334961,8.694391250610352,-9.082061767578125,34
15.397049903869629,8.614578247070312,-8.823273658752441,34
14.431984901428223,8.504085540771484,-8.57149600982666,34
13.443259239196777,8.367432594299316,-8.324579238891602,34
12.43200397491455,8.209612846374512,-8.080510139465332,34
11.399818420410156,8.036163330078125,-7.8374762535095215,34
10.348872184753418,7.85302209854126,-7.593408107757568,34
9.281411170959473,7.666398048400879,-7.345942497253418,34
8.199668884277344,7.482467174530029,-7.0923309326171875,34
7.105582237243652,7.307016849517822,-6.8296403884887695,34
6.001010417938232,7.145161151885986,-6.55517053604126,34
4.887662410736084,7.001009464263916,-6.267276287078857,34
3.7675015926361084,6.877461910247803,-5.965853214263916,34
2.643151044845581,6.776064395904541,-5.65294885635376,34
1.518101453781128,6.697090148925781,-5.333120346069336,34
0.3971504867076874,6.639501094818115,-5.013390064239502,34
-0.713623046875,6.601191520690918,-4.702782154083252,34
-1.806944489479065,6.579214096069336,-4.411462783813477,34
-2.874699831008911,6.569995880126953,-4.1493964195251465,34
-3.908574104309082,6.569708824157715,-3.924973726272583,34
-4.9006524085998535,6.574532508850098,-3.74385666847229,34
-5.844142436981201,6.580989360809326,-3.608286142349243,34
-6.734045505523682,6.586162090301514,-3.5168821811676025,34
-7.56740665435791,6.58768367767334,-3.4648735523223877,34
-8.343668937683105,6.583843231201172,-3.444906234741211,34
-9.064485549926758,6.573376178741455,-3.447946310043335,34
-9.733412742614746,6.555318832397461,-3.4643943309783936,34
-10.355563163757324,6.528796195983887,-3.4849016666412354,34
-10.936845779418945,6.492755889892578,-3.5010929107666016,34
-11.483271598815918,6.445833683013916,-3.5059099197387695,34
-12.000205993652344,6.386252403259277,-3.4937827587127686,34
-12.491517066955566,6.311832427978516,-3.4607901573181152,34
-12.95875358581543,6.220141887664795,-3.4045374393463135,34
-13.400508880615234,6.108752250671387,-3.3242578506469727,34
-13.811938285827637,5.975382328033447,-3.2208504676818848,35
-14.184553146362305,5.818139553070068,-3.0970287322998047,35
-14.5064115524292,5.635594367980957,-2.9574999809265137,35
-14.762661933898926,5.4268717765808105,-2.80905818939209,35
-14.936394691467285,5.191446304321289,-2.6604504585266113,35
-15.009905815124512,4.929091930389404,-2.5223135948181152,35
-14.965837478637695,4.6397013664245605,-2.4066405296325684,35
-14.788516998291016,4.3233513832092285,-2.326328754425049,35
-14.464877128601074,3.9803435802459717,-2.294649839401245,35
-13.985416412353516,3.6114795207977295,-2.3251969814300537,35
-13.344432830810547,3.2185282707214355,-2.4316723346710205,35
-12.54019546508789,2.8046252727508545,-2.627958059310913,35
-11.57461929321289,2.374765396118164,-2.9275827407836914,35
-10.453110694885254,1.9360090494155884,-3.3428244590759277,35
-9.184194564819336,1.497443437576294,-3.8831939697265625,35
-7.779115200042725,1.0698670148849487,-4.553575038909912,35
-6.251704216003418,0.6650215983390808,-5.352579593658447,35
-4.617758274078369,0.2948905825614929,-6.270899772644043,35
-2.8948798179626465,-0.0291499774903059,-7.290916919708252,35
-1.10188627243042,-0.29701724648475647,-8.387146949768066,35
0.7415682077407837,-0.5005486607551575,-9.528251647949219,35
2.6158089637756348,-0.6339931488037109,-10.679621696472168,35
4.501635551452637,-0.6944268345832825,-11.806331634521484,35
6.381021976470947,-0.682016909122467,-12.87554931640625,35
8.23752212524414,-0.6000159382820129,-13.85861873626709,35
10.056657791137695,-0.4547504782676697,-14.732593536376953,35
11.826079368591309,-0.255338191986084,-15.481276512145996,35
13.535527229309082,-0.013107183389365673,-16.095598220825195,35
15.176641464233398,0.25888317823410034,-16.5733699798584,35
16.74266815185547,0.5468036532402039,-16.91871452331543,35
18.228120803833008,0.8369358777999878,-17.141252517700195,35
19.628467559814453,1.1165298223495483,-17.255107879638672,35
20.939804077148438,1.3747239112854004,-17.277969360351562,35
22.158796310424805,1.603148341178894,-17.230098724365234,35
23.28247833251953,1.796368956565857,-17.1336612701416,35
24.308605194091797,1.9520347118377686,-17.011999130249023,35
25.23569107055664,2.0706944465637207,-16.888948440551758,35
26.063005447387695,2.1553690433502197,-16.78719711303711,35
26.790813446044922,2.210890054702759,-16.727407455444336,35
27.420297622680664,2.2429916858673096,-16.727027893066406,35
27.95380973815918,2.2574429512023926,-16.799718856811523,35
28.394948959350586,2.259336471557617,-16.95516014099121,35
28.748788833618164,2.2523794174194336,-17.1986083984375,35
29.021947860717773,2.2386820316314697,-17.53108787536621,35
29.22250747680664,2.2186667919158936,-17.949581146240234,35
29.36013412475586,2.1913366317749023,-18.446741104125977,35
29.44561767578125,2.1547505855560303,-19.011394500732422,35
29.490571975708008,2.106694459915161,-19.62859535217285,35
29.507003784179688,2.0454142093658447,-20.28040885925293,35
29.506759643554688,1.9702140092849731,-20.94683074951172,35
29.50116539001465,1.8820319175720215,-21.607269287109375,35
29.500652313232422,1.7835228443145752,-22.241636276245117,35
29.51432991027832,1.6791331768035889,-22.831789016723633,35
29.54960060119629,1.5745813846588135,-23.362306594848633,35
29.611783981323242,1.4765280485153198,-23.821020126342773,35
29.703672409057617,1.3918431997299194,-24.198999404907227,35
29.825355529785156,1.3270530700683594,-24.490415573120117,35
29.97411346435547,1.2877418994903564,-24.69199562072754,35
30.144411087036133,1.2782304286956787,-24.8027400970459,35
30.328577041625977,1.3012590408325195,-24.823511123657227,35
30.517152786254883,1.3579273223876953,-24.75688934326172,35
30.69985008239746,1.4476466178894043,-24.607454299926758,35
30.86644744873047,1.5683228969573975,-24.381860733032227,35
31.007522583007812,1.7166321277618408,-24.089242935180664,35
31.11517906188965,1.8884038925170898,-23.74078941345215,35
31.18345069885254,2.079010486602783,-23.349559783935547,35
31.208364486694336,2.2841005325317383,-22.929433822631836,35
31.187664031982422,2.4999897480010986,-22.493696212768555,35
31.120363235473633,2.7243425846099854,-22.05339813232422,35
31.005868911743164,2.9565110206604004,-21.61574363708496,35
30.84345054626465,3.197525978088379,-21.182710647583008,35
30.631731033325195,3.449995517730713,-20.75106430053711,35
30.368677139282227,3.7174606323242188,-20.313108444213867,35
30.05179786682129,4.003743648529053,-19.858346939086914,35
29.67877960205078,4.312089920043945,-19.375530242919922,35
29.247854232788086,4.644408226013184,-18.854841232299805,35
28.75851058959961,5.000626564025879,-18.289682388305664,35
28.211589813232422,5.378386497497559,-17.678091049194336,35
27.60942268371582,5.7730302810668945,-17.023096084594727,35
26.955583572387695,6.177859306335449,-16.33208656311035,35
26.254520416259766,6.58467435836792,-15.615747451782227,35
25.511016845703125,6.984467506408691,-14.886619567871094,35
24.72989273071289,7.368096351623535,-14.15729808807373,35
23.915613174438477,7.726977825164795,-13.439398765563965,35
23.072172164916992,8.05356502532959,-12.74245548248291,35
22.20290756225586,8.341800689697266,-12.07367992401123,35
21.310575485229492,8.587203979492188,-11.43764877319336,35
20.397415161132812,8.787017822265625,-10.836624145507812,35
19.46531105041504,8.940061569213867,-10.27066421508789,35
18.515817642211914,9.046566009521484,-9.738221168518066,35
17.550479888916016,9.10802936553955,-9.236591339111328,35
16.570859909057617,9.126971244812012,-8.76242733001709,35
15.578777313232422,9.106709480285645,-8.31241226196289,35
14.576286315917969,9.051190376281738,-7.883616924285889,35
13.565698623657227,8.964787483215332,-7.473861217498779,35
12.549558639526367,8.852169036865234,-7.081769943237305,35
11.53032112121582,8.718213081359863,-6.706730842590332,35
10.510278701782227,8.567858695983887,-6.348597526550293,35
9.491145133972168,8.40611743927002,-6.007234573364258,35
8.4740571975708,8.237879753112793,-5.682110786437988,35
7.4594502449035645,8.06787109375,-5.372175693511963,35
6.447187423706055,7.900489330291748,-5.075713157653809,35
5.436817646026611,7.739598274230957,-4.7908101081848145,35
4.427987575531006,7.588410377502441,-4.515863418579102,35
3.4207534790039062,7.449326992034912,-4.250527858734131,35
2.4159300327301025,7.323888778686523,-3.996117115020752,35
1.415177822113037,7.212865829467773,-3.7559611797332764,35
0.4211544692516327,7.116286277770996,-3.534867525100708,35
-0.5627625584602356,7.033570766448975,-3.338759422302246,35
-1.5326194763183594,6.963592529296875,-3.173783302307129,35
-2.484133005142212,6.904810905456543,-3.0453720092773438,35
-3.413048267364502,6.855363368988037,-2.957353353500366,35
-4.3154520988464355,6.813109397888184,-2.911283493041992,35
-5.1881794929504395,6.775791645050049,-2.9059667587280273,35
-6.0289411544799805,6.740969181060791,-2.9372262954711914,35
-6.836578845977783,6.706159591674805,-2.9983088970184326,35
-7.610830307006836,6.668854713439941,-3.080413818359375,35
-8.352252006530762,6.626533031463623,-3.173762798309326,35
-9.06177043914795,6.576704025268555,-3.2686305046081543,35
-9.740276336669922,6.5169358253479,-3.3562161922454834,35
-10.38818359375,6.444937229156494,-3.429321765899658,35
-11.004844665527344,6.35859489440918,-3.482731580734253,35
-11.588178634643555,6.256056785583496,-3.5135152339935303,35
-12.134185791015625,6.135694980621338,-3.521106243133545,35
-12.636629104614258,5.9961934089660645,-3.5074527263641357,35
-13.086787223815918,5.836386680603027,-3.477252960205078,36
-13.473620414733887,5.6551923751831055,-3.4379701614379883,36
-13.783912658691406,5.451462745666504,-3.399859666824341,36
-14.002886772155762,5.224026679992676,-3.3754053115844727,36
-14.114922523498535,4.971479892730713,-3.378624677658081,36
-14.10464096069336,4.692432403564453,-3.42380690574646,36
-13.957789421081543,4.385616779327393,-3.524418830871582,36
-13.66238784790039,4.050305366516113,-3.6921932697296143,36
-13.20941162109375,3.68673038482666,-3.9366657733917236,36
-12.593618392944336,3.2966651916503906,-4.264739036560059,36
-11.814021110534668,2.8840415477752686,-4.679949760437012,36
-10.874082565307617,2.4552114009857178,-5.1820878982543945,36
-9.78140926361084,2.0189638137817383,-5.767060279846191,36
-8.547232627868652,1.586063265800476,-6.427192687988281,36
-7.185728549957275,1.1686561107635498,-7.151463985443115,36
-5.713304042816162,0.7794842720031738,-7.925898551940918,36
-4.147974014282227,0.4310063123703003,-8.734077453613281,36
-2.5087544918060303,0.1346064656972885,-9.557866096496582,36
-0.8149885535240173,-0.1000969260931015,-10.378275871276855,36
0.9143646955490112,-0.2658853232860565,-11.1766357421875,36
2.6611993312835693,-0.3583819568157196,-11.935748100280762,36
4.4090471267700195,-0.3764369785785675,-12.640771865844727,36
6.143343448638916,-0.322093665599823,-13.2798433303833,36
7.851669788360596,-0.2005716860294342,-13.84432601928711,36
9.523884773254395,-0.01987261325120926,-14.328725814819336,36
11.151956558227539,0.20967400074005127,-14.730819702148438,36
12.729819297790527,0.4760328233242035,-15.05157470703125,36
14.253056526184082,0.7661328315734863,-15.295196533203125,36
15.71862506866455,1.0666983127593994,-15.468750953674316,36
17.12449836730957,1.3650085926055908,-15.581814765930176,36
18.469106674194336,1.6496661901474,-15.645589828491211,36
19.75107192993164,1.9111849069595337,-15.67243766784668,36
20.968841552734375,2.14250111579895,-15.675277709960938,36
22.120548248291016,2.339155435562134,-15.667240142822266,36
23.204029083251953,2.4993598461151123,-15.661101341247559,36
24.216814041137695,2.623647689819336,-15.668802261352539,36
25.156373977661133,2.714509963989258,-15.701294898986816,36
26.02025032043457,2.7757065296173096,-15.76830768585205,36
26.80652618408203,2.8114330768585205,-15.878323554992676,36
27.51394271850586,2.825666666030884,-16.03853416442871,36
28.142135620117188,2.8216941356658936,-16.254749298095703,36
28.691791534423828,2.8016769886016846,-16.530963897705078,36
29.164644241333008,2.7666196823120117,-16.869285583496094,36
29.563627243041992,2.7164151668548584,-17.269922256469727,36
29.89297103881836,2.650162935256958,-17.731218338012695,36
30.157958984375,2.5665574073791504,-18.249282836914062,36
30.364913940429688,2.4643776416778564,-18.818124771118164,36
30.520843505859375,2.343075752258301,-19.429393768310547,36
30.633180618286133,2.203211784362793,-20.072372436523438,36
30.70933723449707,2.0468411445617676,-20.734169006347656,36
30.756423950195312,1.877671480178833,-21.400283813476562,36
30.780981063842773,1.7009564638137817,-22.055082321166992,36
30.788787841796875,1.5233080387115479,-22.682775497436523,36
30.784696578979492,1.3521870374679565,-23.267879486083984,36
30.772457122802734,1.1954693794250488,-23.795801162719727,36
30.75473976135254,1.060838222503662,-24.253276824951172,36
30.733121871948242,0.9553398489952087,-24.62833023071289,36
30.708011627197266,0.8850241303443909,-24.9108943939209,36
30.678936004638672,0.8545182347297668,-25.092670440673828,36
30.644643783569336,0.8668954372406006,-25.167715072631836,36
30.603498458862305,0.9234101176261902,-25.132688522338867,36
30.553543090820312,1.0235148668289185,-24.98722267150879,36
30.49297332763672,1.1649129390716553,-24.73405647277832,36
30.419918060302734,1.3436706066131592,-24.379215240478516,36
30.33277130126953,1.5546644926071167,-23.931676864624023,36
30.229860305786133,1.7920070886611938,-23.40306282043457,36
30.109325408935547,2.0496737957000732,-22.806869506835938,36
29.968961715698242,2.322111129760742,-22.157596588134766,36
29.805831909179688,2.604804277420044,-21.469806671142578,36
29.61639404296875,2.894592046737671,-20.757566452026367,36
29.39650535583496,3.189885139465332,-20.033885955810547,36
29.141984939575195,3.490521192550659,-19.31074333190918,36
28.84899139404297,3.797502279281616,-18.599382400512695,36
28.514720916748047,4.112371921539307,-17.910064697265625,36
28.13767433166504,4.43668794631958,-17.25185203552246,36
27.717758178710938,4.771326065063477,-16.63170623779297,36
27.25623321533203,5.11605167388916,-16.053504943847656,36
26.755199432373047,5.469296455383301,-15.517877578735352,36
26.21731948852539,5.8281073570251465,-15.021758079528809,36
25.64520263671875,6.188378810882568,-14.559198379516602,36
25.04118537902832,6.545032024383545,-14.122284889221191,36
24.4072322845459,6.892482757568359,-13.702363967895508,36
23.744794845581055,7.224853515625,-13.291299819946289,36
23.055158615112305,7.536383152008057,-12.882187843322754,36
22.339324951171875,7.821815013885498,-12.47004222869873,36
21.598264694213867,8.076607704162598,-12.051870346069336,36
20.832916259765625,8.297172546386719,-11.626431465148926,36
20.04415512084961,8.480978012084961,-11.193984031677246,36
19.232912063598633,8.626545906066895,-10.755925178527832,36
18.400165557861328,8.733519554138184,-10.314423561096191,36
17.547101974487305,8.802472114562988,-9.872230529785156,36
16.675390243530273,8.83491039276123,-9.43272876739502,36
15.78732967376709,8.833023071289062,-8.999765396118164,36
14.886075019836426,8.7996244430542,-8.577959060668945,36
13.975472450256348,8.737982749938965,-8.172350883483887,36
13.06002426147461,8.651792526245117,-7.788049697875977,36
12.144365310668945,8.545048713684082,-7.429607391357422,36
11.232857704162598,8.422051429748535,-7.1002397537231445,36
10.329005241394043,8.287328720092773,-6.801525115966797,36
9.435229301452637,8.145478248596191,-6.532937049865723,36
8.55268669128418,8.001038551330566,-6.291935920715332,36
7.681127548217773,7.858287334442139,-6.074289798736572,36
6.819251537322998,7.721135139465332,-5.874470233917236,36
5.964861869812012,7.59295654296875,-5.686255931854248,36
5.115267753601074,7.4763712882995605,-5.503326416015625,36
4.2676286697387695,7.373394966125488,-5.3197832107543945,36
3.419393301010132,7.2851948738098145,-5.13053560256958,36
2.5683982372283936,7.212247848510742,-4.931874752044678,36
1.7132707834243774,7.154312610626221,-4.7217912673950195,36
0.8534912467002869,7.110507488250732,-4.500439643859863,36
-0.010497650131583214,7.079441070556641,-4.270252227783203,36
-0.8773002624511719,7.059206485748291,-4.0357584953308105,36
-1.744495153427124,7.047591686248779,-3.8031415939331055,36
-2.60886812210083,7.042062759399414,-3.5796990394592285,36
-3.466552257537842,7.040019989013672,-3.3731071949005127,36
-4.3132643699646,7.038746356964111,-3.1905951499938965,36
-5.144608974456787,7.035587310791016,-3.0382184982299805,36
-5.956355094909668,7.0279951095581055,-2.9202382564544678,36
-6.744632720947266,7.013571739196777,-2.8388054370880127,36
-7.506036281585693,6.990029335021973,-2.793790340423584,36
-8.237726211547852,6.9552693367004395,-2.7829713821411133,36
-8.937355041503906,6.907333850860596,-2.8022143840789795,36
-9.602924346923828,6.84442138671875,-2.8460593223571777,36
-10.232481956481934,6.764880657196045,-2.9080588817596436,36
-10.823851585388184,6.667330741882324,-2.981401205062866,36
-11.374283790588379,6.550602436065674,-3.059352159500122,37
-11.880138397216797,6.413857936859131,-3.1359739303588867,37
-12.336492538452148,6.256514072418213,-3.206681489944458,37
-12.7369966506958,6.0783281326293945,-3.268988609313965,37
-13.073817253112793,5.8792595863342285,-3.322998523712158,37
-13.337770462036133,5.659483432769775,-3.3715546131134033,37
-13.518831253051758,5.419258117675781,-3.420201301574707,37
-13.606670379638672,5.158924102783203,-3.4766290187835693,37
-13.59134292602539,4.878874778747559,-3.5497593879699707,37
-13.464212417602539,4.579596042633057,-3.6487767696380615,37
-13.218376159667969,4.261777877807617,-3.782177209854126,37
-12.849164009094238,3.9265053272247314,-3.957263469696045,37
-12.354209899902344,3.5754411220550537,-4.180016040802002,37
-11.733304023742676,3.2110745906829834,-4.455092430114746,37
-10.988125801086426,2.8369321823120117,-4.785678386688232,37
-10.121962547302246,2.4576921463012695,-5.173720836639404,37
-9.139184951782227,2.0790951251983643,-5.6200690269470215,37
-8.044936180114746,1.7077810764312744,-6.124889850616455,37
-6.844919204711914,1.3508440256118774,-6.687857627868652,37
-5.545521259307861,1.015696406364441,-7.30755615234375,37
-4.15423583984375,0.7096629738807678,-7.980495452880859,37
-2.680391550064087,0.4399225115776062,-8.699466705322266,37
-1.1354230642318726,0.21318578720092773,-9.452749252319336,37
0.4671911299228668,0.03557084500789642,-10.224364280700684,37
2.1124632358551025,-0.0879136249423027,-10.995144844055176,37
3.7845206260681152,-0.15365831553936005,-11.744333267211914,37
5.467587471008301,-0.16001370549201965,-12.451380729675293,37
7.146825790405273,-0.10758547484874725,-13.098076820373535,37
8.808953285217285,3.493896801955998E-4,-13.670357704162598,37
10.442817687988281,0.15799710154533386,-14.159645080566406,37
12.039530754089355,0.3570132553577423,-14.563382148742676,37
13.592277526855469,0.5871528387069702,-14.885297775268555,37
15.096261978149414,0.8367756605148315,-15.134353637695312,37
16.547924041748047,1.0938128232955933,-15.323723793029785,37
17.94445037841797,1.3466262817382812,-15.468754768371582,37
19.283096313476562,1.5848300457000732,-15.585515022277832,37
20.56072235107422,1.799978494644165,-15.689332008361816,37
21.773632049560547,1.9859212636947632,-15.793516159057617,37
22.91747283935547,2.1389293670654297,-15.908886909484863,37
23.987462997436523,2.2576510906219482,-16.04356575012207,37
24.978761672973633,2.342586040496826,-16.203454971313477,37
25.88692855834961,2.3955342769622803,-16.393041610717773,37
26.70850372314453,2.41908597946167,-16.616046905517578,37
27.441085815429688,2.4160373210906982,-16.875411987304688,37
28.083782196044922,2.38916015625,-17.17332649230957,37
28.637052536010742,2.3409297466278076,-17.511146545410156,37
29.103139877319336,2.2734172344207764,-17.889026641845703,37
29.485960006713867,2.1882829666137695,-18.306087493896484,37
29.791215896606445,2.0868489742279053,-18.7602596282959,37
30.026365280151367,1.9702516794204712,-19.2481746673584,37
30.200401306152344,1.8396905660629272,-19.76548194885254,37
30.323570251464844,1.6966520547866821,-20.30660629272461,37
30.406932830810547,1.5431469678878784,-20.864789962768555,37
30.461902618408203,1.3819339275360107,-21.43240737915039,37
30.49964714050293,1.216569423675537,-22.000871658325195,37
30.530546188354492,1.0513858795166016,-22.5609188079834,37
30.563692092895508,0.8913458585739136,-23.10281753540039,37
30.606435775756836,0.7417953014373779,-23.616437911987305,37
30.663776397705078,0.6081231832504272,-24.091291427612305,37
30.738283157348633,0.49551400542259216,-24.516387939453125,37
30.82966423034668,0.4086465835571289,-24.880231857299805,37
30.935047149658203,0.35142531991004944,-25.170997619628906,37
31.049026489257812,0.3269256055355072,-25.37717628479004,37
31.164438247680664,0.3371132016181946,-25.48851776123047,37
31.273008346557617,0.3828461766242981,-25.49753761291504,37
31.366256713867188,0.46378466486930847,-25.40062141418457,37
31.436458587646484,0.5784227848052979,-25.199161529541016,37
31.477155685424805,0.7241852879524231,-24.89988136291504,37
31.4836483001709,0.8976755142211914,-24.514719009399414,37
31.453105926513672,1.0950288772583008,-24.059118270874023,37
31.38407325744629,1.3123438358306885,-23.550067901611328,37
31.276016235351562,1.5461686849594116,-23.003583908081055,37
31.12858009338379,1.7938226461410522,-22.433256149291992,37
30.941112518310547,2.0536584854125977,-21.848896026611328,37
30.712242126464844,2.3250668048858643,-21.25659942626953,37
30.439929962158203,2.608370542526245,-20.659204483032227,37
30.121742248535156,2.904616117477417,-20.057559967041016,37
29.7556095123291,3.2150204181671143,-19.451858520507812,37
29.34032440185547,3.5407018661499023,-18.843015670776367,37
28.876264572143555,3.882143259048462,-18.232894897460938,37
28.365331649780273,4.238922119140625,-17.624095916748047,37
27.810895919799805,4.609426975250244,-17.018930435180664,37
27.217363357543945,4.9909749031066895,-16.419095993041992,37
26.5896053314209,5.379777908325195,-15.825819969177246,37
25.932571411132812,5.771169662475586,-15.240252494812012,37
25.250761032104492,6.159829139709473,-14.663636207580566,37
24.547977447509766,6.539980888366699,-14.097662925720215,37
23.827228546142578,6.905719757080078,-13.544167518615723,37
23.09075927734375,7.251090049743652,-13.005311012268066,37
22.34016227722168,7.570381164550781,-12.482952117919922,37
21.576370239257812,7.85829496383667,-11.978436470031738,37
20.799789428710938,8.110186576843262,-11.4924955368042,37
20.010305404663086,8.322227478027344,-11.025113105773926,37
19.207508087158203,8.491735458374023,-10.575685501098633,37
18.390689849853516,8.617260932922363,-10.143389701843262,37
17.559123992919922,8.698748588562012,-9.727516174316406,37
16.712371826171875,8.737476348876953,-9.32789421081543,37
15.850531578063965,8.736064910888672,-8.945303916931152,37
14.974432945251465,8.69820785522461,-8.581353187561035,37
14.08572769165039,8.628558158874512,-8.23837661743164,37
13.186773300170898,8.532404899597168,-7.919001579284668,37
12.280385971069336,8.415444374084473,-7.62567663192749,37
11.36959171295166,8.283570289611816,-7.360051155090332,37
10.457076072692871,8.142541885375977,-7.122519016265869,37
9.5449857711792,7.997914791107178,-6.911821365356445,37
8.634635925292969,7.85475492477417,-6.7247209548950195,37
7.726355075836182,7.717583656311035,-6.556066989898682,37
6.819577217102051,7.590085506439209,-6.398909568786621,37
5.9128217697143555,7.475082874298096,-6.245086193084717,37
5.0041327476501465,7.37439489364624,-6.085813522338867,37
4.091195583343506,7.288784503936768,-5.912726879119873,37
3.1719326972961426,7.218095302581787,-5.718746662139893,37
2.244680404663086,7.161216735839844,-5.499095916748047,37
1.3086152076721191,7.11635684967041,-5.252041339874268,37
0.36415600776672363,7.081160545349121,-4.979336738586426,37
-0.586875855922699,7.05294942855835,-4.686368465423584,37
-1.5411262512207031,7.028885364532471,-4.3817315101623535,37
-2.49379563331604,7.00623893737793,-4.0763840675354,37
-3.4389288425445557,6.982560634613037,-3.7824137210845947,37
-4.369845867156982,6.955775260925293,-3.5116705894470215,37
-5.279796600341797,6.924342155456543,-3.2744171619415283,37
-6.1623454093933105,6.8871331214904785,-3.078246831893921,37
-7.012006759643555,6.843491077423096,-2.9274539947509766,37
-7.8244853019714355,6.792990207672119,-2.822878360748291,37
-8.596879005432129,6.7353692054748535,-2.7621524333953857,37
-9.327446937561035,6.670304775238037,-2.7402546405792236,37
-10.015463829040527,6.597320079803467,-2.750196695327759,37
-10.66065788269043,6.515681743621826,-2.7839367389678955,37
-11.262763023376465,6.424400329589844,-2.832895517349243,37
-11.820775032043457,6.322239875793457,-2.888590097427368,37
-12.332536697387695,6.2076897621154785,-2.943247079849243,38
-12.794198989868164,6.079078197479248,-2.9904332160949707,38
-13.199814796447754,5.934600830078125,-3.025683879852295,38
-13.541147232055664,5.772272109985352,-3.0471789836883545,38
-13.807807922363281,5.590010166168213,-3.056215286254883,38
-13.987632751464844,5.385596752166748,-3.0572116374969482,38
-14.067447662353516,5.1567864418029785,-3.0575244426727295,38
-14.033926963806152,4.901339530944824,-3.066539764404297,38
-13.874759674072266,4.617248058319092,-3.0948715209960938,38
-13.579586029052734,4.303015232086182,-3.1535847187042236,38
-13.140674591064453,3.9580118656158447,-3.253648519515991,38
-12.553375244140625,3.5828781127929688,-3.405933141708374,38
-11.815957069396973,3.180053472518921,-3.6211252212524414,38
-10.929600715637207,2.754073143005371,-3.9099085330963135,38
-9.897889137268066,2.3116326332092285,-4.282703876495361,38
-8.726601600646973,1.8615586757659912,-4.749494552612305,38
-7.423321723937988,1.4142707586288452,-5.319070816040039,38
-5.9974164962768555,0.9812418222427368,-5.998066425323486,38
-4.459836959838867,0.5741945505142212,-6.789226055145264,38
-2.82352876663208,0.20453929901123047,-7.689568519592285,38
-1.1034258604049683,-0.1172863021492958,-8.688346862792969,38
0.6835045218467712,-0.3822455406188965,-9.766222953796387,38
2.5187039375305176,-0.583179771900177,-10.89580249786377,38
4.382751941680908,-0.7151740789413452,-12.043388366699219,38
6.256085395812988,-0.77588951587677,-13.171549797058105,38
8.119811058044434,-0.7655988335609436,-14.241994857788086,38
9.956287384033203,-0.6873353123664856,-15.218599319458008,38
11.749874114990234,-0.5466944575309753,-16.070261001586914,38
13.487319946289062,-0.3517536222934723,-16.773466110229492,38
15.157938003540039,-0.1126115694642067,-17.314321517944336,38
16.7536563873291,0.15906888246536255,-17.689300537109375,38
18.268857955932617,0.4506555199623108,-17.905006408691406,38
19.699748992919922,0.7493968605995178,-17.97714614868164,38
21.04397201538086,1.0431619882583618,-17.92876625061035,38
22.299951553344727,1.3212089538574219,-17.788105010986328,38
23.46641731262207,1.5749256610870361,-17.586360931396484,38
24.54194450378418,1.7981075048446655,-17.355283737182617,38
25.524757385253906,1.9872416257858276,-17.125093460083008,38
26.412670135498047,2.141305923461914,-16.923095703125,38
27.203283309936523,2.261300802230835,-16.772706985473633,38
27.894453048706055,2.349727153778076,-16.6929988861084,38
28.484636306762695,2.4098334312438965,-16.698406219482422,38
28.97340202331543,2.4451162815093994,-16.798545837402344,38
29.361865997314453,2.458750009536743,-16.997926712036133,38
29.653024673461914,2.453317642211914,-17.296215057373047,38
29.852092742919922,2.430490255355835,-17.688377380371094,38
29.96663475036621,2.39111590385437,-18.165691375732422,38
30.00670051574707,2.3353567123413086,-18.716293334960938,38
29.984338760375977,2.263101100921631,-19.326074600219727,38
29.913171768188477,2.174473524093628,-19.97923469543457,38
29.807546615600586,2.0703117847442627,-20.658626556396484,38
29.681583404541016,1.9526439905166626,-21.346208572387695,38
29.548532485961914,1.824877381324768,-22.023983001708984,38
29.419963836669922,1.6917706727981567,-22.675016403198242,38
29.30536460876465,1.5592021942138672,-23.284526824951172,38
29.211585998535156,1.4337211847305298,-23.840471267700195,38
29.14278793334961,1.3221231698989868,-24.333438873291016,38
29.09999656677246,1.2309813499450684,-24.755970001220703,38
29.081398010253906,1.1662296056747437,-25.1014404296875,38
29.08253288269043,1.1328434944152832,-25.363346099853516,38
29.096923828125,1.1344661712646484,-25.534635543823242,38
29.116857528686523,1.1732672452926636,-25.608190536499023,38
29.134328842163086,1.2498116493225098,-25.577312469482422,38
29.14171600341797,1.3631025552749634,-25.43685531616211,38
29.132539749145508,1.5106375217437744,-25.184268951416016,38
29.101865768432617,1.6887842416763306,-24.820476531982422,38
29.04632568359375,1.8931750059127808,-24.350351333618164,38
28.963966369628906,2.1192679405212402,-23.78268814086914,38
28.853649139404297,2.362849712371826,-23.129512786865234,38
28.7143611907959,2.620573043823242,-22.40509033203125,38
28.544506072998047,2.8903250694274902,-21.624866485595703,38
28.34152603149414,3.17134165763855,-20.804540634155273,38
28.10177230834961,3.4640634059906006,-19.9600772857666,38
27.82094383239746,3.7696962356567383,-19.10761833190918,38
27.49460792541504,4.089613914489746,-18.263219833374023,38
27.119009017944336,4.424685001373291,-17.441774368286133,38
26.691343307495117,4.774675369262695,-16.65510368347168,38
26.21030616760254,5.137897491455078,-15.910688400268555,38
25.67620277404785,5.510931491851807,-15.211502075195312,38
25.09105682373047,5.888861179351807,-14.557042121887207,38
24.458261489868164,6.265486240386963,-13.944422721862793,38
23.78232765197754,6.63404655456543,-13.369254112243652,38
23.06821632385254,6.987776279449463,-12.826384544372559,38
22.321025848388672,7.320521831512451,-12.310247421264648,38
21.54561424255371,7.627205848693848,-11.815558433532715,38
20.746408462524414,7.904050350189209,-11.337658882141113,38
19.927213668823242,8.148648262023926,-10.872956275939941,38
19.09132194519043,8.359827995300293,-10.418919563293457,38
18.24135971069336,8.537466049194336,-9.974223136901855,38
17.37937355041504,8.682168960571289,-9.538505554199219,38
16.506872177124023,8.795004844665527,-9.112196922302246,38
15.624979972839355,8.877335548400879,-8.696244239807129,38
14.73468017578125,8.930582046508789,-8.292028427124023,38
13.837060928344727,8.956141471862793,-7.901313781738281,38
12.933465003967285,8.955353736877441,-7.525910377502441,38
12.025542259216309,8.929573059082031,-7.167564868927002,38
11.115263938903809,8.880292892456055,-6.827639579772949,38
10.204553604125977,8.809318542480469,-6.507229328155518,38
9.295161247253418,8.718759536743164,-6.206759452819824,38
8.388252258300781,8.6112060546875,-5.926146030426025,38
7.484140396118164,8.489649772644043,-5.664425849914551,38
6.582155227661133,8.357454299926758,-5.419804573059082,38
5.6807146072387695,8.218218803405762,-5.189690589904785,38
4.777579307556152,8.075605392456055,-4.970942974090576,38
3.8703420162200928,7.933237552642822,-4.760152816772461,38
2.956866979598999,7.7943949699401855,-4.554049491882324,38
2.0358011722564697,7.661938190460205,-4.349911212921143,38
1.106968879699707,7.538142681121826,-4.14583683013916,38
0.17169153690338135,7.424596786499023,-3.9410290718078613,38
-0.7671071290969849,7.322298526763916,-3.7361130714416504,38
-1.7050251960754395,7.231583118438721,-3.533261775970459,38
-2.6362216472625732,7.152250289916992,-3.3358640670776367,38
-3.5540218353271484,7.08368444442749,-3.148174524307251,38
-4.451170921325684,7.024942874908447,-2.974515676498413,38
-5.320577144622803,6.9748663902282715,-2.8187193870544434,38
-6.15565824508667,6.932230472564697,-2.683394193649292,38
-6.950921058654785,6.895763397216797,-2.5694870948791504,38
-7.702333450317383,6.864274501800537,-2.4763808250427246,38
-8.407414436340332,6.836547374725342,-2.402250289916992,38
-9.065305709838867,6.811392784118652,-2.344837188720703,38
-9.676576614379883,6.787658214569092,-2.3021864891052246,38
-10.243080139160156,6.7640509605407715,-2.2732110023498535,38
-10.767695426940918,6.73915433883667,-2.257859230041504,38
-11.25408935546875,6.7113871574401855,-2.256990671157837,38
-11.706330299377441,6.678962230682373,-2.271860361099243,38
-12.12866497039795,6.639895439147949,-2.303506374359131,38
-12.525012016296387,6.592032432556152,-2.351987838745117,38
-12.89854907989502,6.533195495605469,-2.4157934188842773,38
-13.251243591308594,6.461278915405273,-2.491774797439575,38
-13.583256721496582,6.374298572540283,-2.5754010677337646,38
-13.892659187316895,6.2705607414245605,-2.661573648452759,38
-14.17496109008789,6.148700714111328,-2.7454259395599365,39
-14.423100471496582,6.007718086242676,-2.823434591293335,39
-14.627415657043457,5.846973419189453,-2.8943212032318115,39
-14.775992393493652,5.666094779968262,-2.9599449634552,39
-14.855229377746582,5.464798450469971,-3.0254180431365967,39
-14.850680351257324,5.242846488952637,-3.098682403564453,39
-14.74808406829834,4.999764442443848,-3.1897079944610596,39
-14.534417152404785,4.734969615936279,-3.30926775932312,39
-14.198766708374023,4.447694301605225,-3.4678430557250977,39
-13.732873916625977,4.137247562408447,-3.675116539001465,39
-13.131178855895996,3.803375005722046,-3.9395689964294434,39
-12.391031265258789,3.4467499256134033,-4.268265247344971,39
-11.512493133544922,3.0694193840026855,-4.666525363922119,39
-10.498393058776855,2.6752920150756836,-5.137284755706787,39
-9.354118347167969,2.2702949047088623,-5.680443286895752,39
-8.087276458740234,1.8622132539749146,-6.292653560638428,39
-6.707328796386719,1.4603447914123535,-6.967857837677002,39
-5.22521448135376,1.0750031471252441,-7.698151588439941,39
-3.6531906127929688,0.7168246507644653,-8.474580764770508,39
-2.004676103591919,0.39623668789863586,-9.287568092346191,39
-0.29409992694854736,0.12268879264593124,-10.126753807067871,39
1.463248610496521,-0.09578985720872879,-10.980774879455566,39
3.251476764678955,-0.2531387209892273,-11.836946487426758,39
5.054603099822998,-0.3454986810684204,-12.68090534210205,39
6.856884956359863,-0.3715900480747223,-13.496633529663086,39
8.643315315246582,-0.3326480984687805,-14.266956329345703,39
10.40002155303955,-0.2324068695306778,-14.974494934082031,39
12.114641189575195,-0.0769260823726654,-15.603007316589355,39
13.776605606079102,0.12573574483394623,-16.13884162902832,39
15.377248764038086,0.36594319343566895,-16.57233238220215,39
16.909826278686523,0.6329891681671143,-16.898540496826172,39
18.36927032470703,0.9156759977340698,-17.117788314819336,39
19.751955032348633,1.2030173540115356,-17.235456466674805,39
21.055288314819336,1.4848614931106567,-17.261672973632812,39
22.277292251586914,1.7524046897888184,-17.210670471191406,39
23.41641616821289,1.9987984895706177,-17.09990882873535,39
24.471261978149414,2.2191808223724365,-16.949235916137695,39
25.440614700317383,2.410855531692505,-16.779621124267578,39
26.323246002197266,2.5730502605438232,-16.612518310546875,39
27.118181228637695,2.706500768661499,-16.46873664855957,39
27.82486343383789,2.8130006790161133,-16.367965698242188,39
28.443269729614258,2.8947980403900146,-16.32799530029297,39
28.974233627319336,2.954322576522827,-16.363927841186523,39
29.419519424438477,2.993694305419922,-16.487337112426758,39
29.782052993774414,3.014737129211426,-16.705825805664062,39
30.066123962402344,3.0188028812408447,-17.022855758666992,39
30.277551651000977,3.0068700313568115,-17.43793487548828,39
30.423677444458008,2.9797379970550537,-17.94658660888672,39
30.513248443603516,2.9383366107940674,-18.540428161621094,39
30.556074142456055,2.883969783782959,-19.207012176513672,39
30.562541961669922,2.8187429904937744,-19.929826736450195,39
30.543113708496094,2.745739221572876,-20.688541412353516,39
30.507801055908203,2.669186592102051,-21.459762573242188,39
30.465656280517578,2.5942928791046143,-22.217674255371094,39
30.42437744140625,2.5270655155181885,-22.935556411743164,39
30.390178680419922,2.4738106727600098,-23.586742401123047,39
30.36747169494629,2.4405760765075684,-24.145830154418945,39
30.358646392822266,2.432718276977539,-24.589576721191406,39
30.364171981811523,2.4544334411621094,-24.897544860839844,39
30.382509231567383,2.5083394050598145,-25.05287742614746,39
30.410409927368164,2.59521222114563,-25.043352127075195,39
30.443330764770508,2.713759422302246,-24.86258888244629,39
30.4759521484375,2.8606362342834473,-24.511293411254883,39
30.502836227416992,3.0305559635162354,-23.9984130859375,39
30.518835067749023,3.2165913581848145,-23.342117309570312,39
30.519641876220703,3.410733699798584,-22.56969451904297,39
30.501808166503906,3.604677677154541,-21.716533660888672,39
30.46251678466797,3.790703773498535,-20.82341766357422,39
30.39907455444336,3.9626615047454834,-19.932802200317383,39
30.308271408081055,4.116691589355469,-19.08431625366211,39
30.185697555541992,4.2517218589782715,-18.310449600219727,39
30.025367736816406,4.369485855102539,-17.633329391479492,39
29.819988250732422,4.474180221557617,-17.063444137573242,39
29.561674118041992,4.571682929992676,-16.60020637512207,39
29.242982864379883,4.668586254119873,-16.234182357788086,39
28.858150482177734,4.771339416503906,-15.949570655822754,39
28.40399169921875,4.885166168212891,-15.726399421691895,39
27.880441665649414,5.013538360595703,-15.542831420898438,39
27.290616989135742,5.157788276672363,-15.376477241516113,39
26.640506744384766,5.317196369171143,-15.206024169921875,39
25.93834114074707,5.489420413970947,-15.012834548950195,39
25.193904876708984,5.671019554138184,-14.782580375671387,39
24.417694091796875,5.85798454284668,-14.506592750549316,39
23.62015724182129,6.046350955963135,-14.182190895080566,39
22.811046600341797,6.232515811920166,-13.812433242797852,39
21.998918533325195,6.413584232330322,-13.405244827270508,39
21.19070053100586,6.587376117706299,-12.971748352050781,39
20.3914794921875,6.752427101135254,-12.524495124816895,39
19.60454559326172,6.90778112411499,-12.075457572937012,39
18.83136749267578,7.052763938903809,-11.634627342224121,39
18.071781158447266,7.186687469482422,-11.209052085876465,39
17.324377059936523,7.3086652755737305,-10.801634788513184,39
16.586544036865234,7.417418003082275,-10.41108226776123,39
15.85506820678711,7.511349201202393,-10.03226375579834,39
15.126557350158691,7.588413715362549,-9.658233642578125,39
14.397929191589355,7.646451473236084,-9.282515525817871,39
13.666583061218262,7.683320045471191,-8.900676727294922,39
12.930426597595215,7.6972174644470215,-8.510730743408203,39
12.187586784362793,7.687155723571777,-8.113362312316895,39
11.43644905090332,7.653036594390869,-7.7117085456848145,39
10.675411224365234,7.596006870269775,-7.311183929443359,39
9.9028959274292,7.518427848815918,-6.918818950653076,39
9.117426872253418,7.423713207244873,-6.542304515838623,39
8.317596435546875,7.31621789932251,-6.18902587890625,39
7.502378940582275,7.200740814208984,-5.8650288581848145,39
6.671080589294434,7.082235813140869,-5.574454307556152,39
5.823514938354492,6.965386867523193,-5.319095134735107,39
4.960165023803711,6.854293346405029,-5.098266124725342,39
4.082164764404297,6.752291202545166,-4.909029006958008,39
3.191438674926758,6.661828994750977,-4.746532917022705,39
2.2907328605651855,6.584466457366943,-4.6047682762146,39
1.3835697174072266,6.520992279052734,-4.477423191070557,39
0.4742618203163147,6.471461772918701,-4.358514785766602,39
-0.4322264790534973,6.435407638549805,-4.242851257324219,39
-1.3304598331451416,6.411894798278809,-4.126474857330322,39
-2.2147483825683594,6.39978551864624,-4.006811618804932,39
-3.0793471336364746,6.39764928817749,-3.8827106952667236,39
-3.9188573360443115,6.403989791870117,-3.754326105117798,39
-4.728606224060059,6.41717004776001,-3.6228859424591064,39
-5.504875183105469,6.435477256774902,-3.4902260303497314,39
-6.245308876037598,6.457049369812012,-3.3585243225097656,39
-6.948966979980469,6.479856491088867,-3.229901075363159,39
-7.616389274597168,6.5016045570373535,-3.10623836517334,39
-8.24930191040039,6.519745826721191,-2.988982915878296,39
-8.850244522094727,6.531375885009766,-2.8791239261627197,39
-9.421929359436035,6.5333452224731445,-2.777287244796753,39
-9.966486930847168,6.522237300872803,-2.6837897300720215,39
-10.48471736907959,6.494536876678467,-2.5988504886627197,39
-10.975394248962402,6.446744441986084,-2.522953987121582,39
-11.434626579284668,6.375511169433594,-2.4571621417999268,40
-11.855534553527832,6.2778520584106445,-2.403465986251831,40
-12.228126525878906,6.151183128356934,-2.3651909828186035,40
-12.539623260498047,5.9934000968933105,-2.347120523452759,40
-12.774847030639648,5.802925109863281,-2.3556454181671143,40
-12.917250633239746,5.578589916229248,-2.398499011993408,40
-12.94991683959961,5.3196702003479,-2.4843599796295166,40
-12.8567533493042,5.025811195373535,-2.62204909324646,40
-12.623872756958008,4.697125434875488,-2.8197028636932373,40
-12.240649223327637,4.334409236907959,-3.0840182304382324,40
-11.700562477111816,3.939413547515869,-3.4195454120635986,40
-11.001641273498535,3.5152764320373535,-3.8288521766662598,40
-10.146340370178223,3.06679368019104,-4.312922954559326,40
-9.140947341918945,2.600752592086792,-4.871432781219482,40
-7.995048999786377,2.125821352005005,-5.502964973449707,40
-6.720612049102783,1.6522274017333984,-6.204470157623291,40
-5.3315253257751465,1.191194772720337,-6.970715522766113,40
-3.8428561687469482,0.7543279528617859,-7.79354190826416,40
-2.27040433883667,0.3530679941177368,-8.66147518157959,40
-0.6302583813667297,-0.0020280920434743166,-9.559500694274902,40
1.061519980430603,-0.30162352323532104,-10.469305992126465,40
2.789072275161743,-0.5380744338035583,-11.370105743408203,40
4.53729772567749,-0.705714225769043,-12.240102767944336,40
6.292010307312012,-0.801207423210144,-13.058961868286133,40
8.040491104125977,-0.8237471580505371,-13.80987548828125,40
9.77163314819336,-0.775249719619751,-14.480969429016113,40
11.475996017456055,-0.6602444648742676,-15.065919876098633,40
13.145709991455078,-0.48583635687828064,-15.563708305358887,40
14.774307250976562,-0.26132652163505554,-15.977930068969727,40
16.356210708618164,0.0021592865232378244,-16.31568717956543,40
17.886560440063477,0.29241177439689636,-16.586143493652344,40
19.36056137084961,0.5967808365821838,-16.799238204956055,40
20.773334503173828,0.9029086232185364,-16.96506118774414,40
22.11971664428711,1.1993778944015503,-17.093416213989258,40
23.39421272277832,1.476271629333496,-17.19353485107422,40
24.590917587280273,1.7256559133529663,-17.274076461791992,40
25.70370101928711,1.941811203956604,-17.34307289123535,40
26.726425170898438,2.1213178634643555,-17.408296585083008,40
27.653409957885742,2.2627463340759277,-17.477764129638672,40
28.479717254638672,2.3663127422332764,-17.560222625732422,40
29.201759338378906,2.4333930015563965,-17.665056228637695,40
29.817323684692383,2.466102361679077,-17.801971435546875,40
30.3259334564209,2.466906785964966,-17.98049545288086,40
30.729110717773438,2.4382636547088623,-18.209009170532227,40
31.030385971069336,2.3823044300079346,-18.494400024414062,40
31.235544204711914,2.3007988929748535,-18.84140396118164,40
31.35256576538086,2.1951310634613037,-19.251869201660156,40
31.39136505126953,2.0664520263671875,-19.724300384521484,40
31.36351203918457,1.916042447090149,-20.253215789794922,40
31.281757354736328,1.7456632852554321,-20.829126358032227,40
31.15928840637207,1.5579107999801636,-21.438793182373047,40
31.009246826171875,1.356459140777588,-22.065753936767578,40
30.844192504882812,1.1462191343307495,-22.691410064697266,40
30.675615310668945,0.9331873059272766,-23.296552658081055,40
30.513580322265625,0.724297046661377,-23.862518310546875,40
30.366535186767578,0.5269932746887207,-24.372331619262695,40
30.24087142944336,0.34883415699005127,-24.811120986938477,40
30.14085578918457,0.19715985655784607,-25.166263580322266,40
30.068347930908203,0.07859410345554352,-25.4273738861084,40
30.023012161254883,-0.0012710849987342954,-25.58624267578125,40
30.002561569213867,-0.038207653909921646,-25.6373233795166,40
30.003108978271484,-0.02957022935152054,-25.57827377319336,40
30.019771575927734,0.025622475892305374,-25.410160064697266,40
30.047149658203125,0.12677273154258728,-25.137537002563477,40
30.07973289489746,0.2719392478466034,-24.768367767333984,40
30.11215591430664,0.45811665058135986,-24.313737869262695,40
30.139169692993164,0.681663990020752,-23.78713607788086,40
30.155527114868164,0.93874591588974,-23.20354652404785,40
30.155574798583984,1.225801944732666,-22.578176498413086,40
30.13310432434082,1.5397570133209229,-21.925058364868164,40
30.081106185913086,1.8781694173812866,-21.25625991821289,40
29.992053985595703,2.2391538619995117,-20.581472396850586,40
29.858379364013672,2.6210899353027344,-19.90808868408203,40
29.67316246032715,3.022226572036743,-19.241453170776367,40
29.43082046508789,3.4402551651000977,-18.585010528564453,40
29.127655029296875,3.871851921081543,-17.940431594848633,40
28.76214599609375,4.312460422515869,-17.307523727416992,40
28.334835052490234,4.7562479972839355,-16.68410873413086,40
27.848127365112305,5.196349143981934,-16.066471099853516,40
27.305635452270508,5.625288486480713,-15.450063705444336,40
26.71185302734375,6.0355353355407715,-14.830739974975586,40
26.071617126464844,6.419897556304932,-14.206350326538086,40
25.389904022216797,6.772082805633545,-13.577810287475586,40
24.671588897705078,7.086974620819092,-12.950236320495605,40
23.921417236328125,7.360857963562012,-12.332948684692383,40
23.143754959106445,7.591451168060303,-11.738126754760742,40
22.342256546020508,7.777899265289307,-11.178547859191895,40
21.51971435546875,7.920649528503418,-10.66499137878418,40
20.677852630615234,8.021215438842773,-10.204678535461426,40
19.817625045776367,8.081865310668945,-9.800663948059082,40
18.939477920532227,8.105381965637207,-9.451998710632324,40
18.04385757446289,8.094791412353516,-9.154258728027344,40
17.131624221801758,8.053150177001953,-8.900449752807617,40
16.20449447631836,7.983476638793945,-8.682218551635742,40
15.265331268310547,7.888747215270996,-8.491442680358887,40
14.318191528320312,7.771931171417236,-8.321249008178711,40
13.367976188659668,7.636173725128174,-8.166182518005371,40
12.41995906829834,7.484896183013916,-8.021109580993652,40
11.479158401489258,7.321953296661377,-7.880806922912598,40
10.549942970275879,7.151607513427734,-7.740462779998779,40
9.635797500610352,6.97846794128418,-7.595778942108154,40
8.738937377929688,6.807391166687012,-7.443253517150879,40
7.860419750213623,6.643148899078369,-7.280082702636719,40
7.00003719329834,6.490372180938721,-7.104376316070557,40
6.156474590301514,6.35315465927124,-6.915229797363281,40
5.32757043838501,6.234879493713379,-6.712826728820801,40
4.510311126708984,6.138113021850586,-6.498273849487305,40
3.701087474822998,6.064484119415283,-6.273159027099609,40
2.895836353302002,6.014535903930664,-6.039310932159424,40
2.090463399887085,5.987668991088867,-5.7987141609191895,40
1.2812124490737915,5.982170581817627,-5.553494930267334,40
0.4651225507259369,5.995251655578613,-5.3060526847839355,40
-0.35958486795425415,6.023220062255859,-5.05907678604126,40
-1.1932458877563477,6.061774730682373,-4.815760135650635,40
-2.034562349319458,6.106366157531738,-4.5797505378723145,40
-2.880598306655884,6.152545928955078,-4.355122089385986,40
-3.7270143032073975,6.196290969848633,-4.146022319793701,40
-4.568371772766113,6.234245777130127,-3.956066131591797,40
-5.398761749267578,6.263916969299316,-3.7879106998443604,40
-6.212174892425537,6.283599853515625,-3.642631769180298,40
-7.003121376037598,6.292351245880127,-3.519839286804199,40
-7.766902446746826,6.289806365966797,-3.4176764488220215,40
-8.49976634979248,6.275966167449951,-3.3332126140594482,40
-9.199017524719238,6.250919342041016,-3.2629594802856445,40
-9.862889289855957,6.214644432067871,-3.2032723426818848,40
-10.490211486816406,6.166769981384277,-3.1507487297058105,40
-11.08012580871582,6.106529235839844,-3.1024181842803955,40
-11.631598472595215,6.032674789428711,-3.0559439659118652,40
-12.142841339111328,5.943516254425049,-3.0096092224121094,41
-12.61085033416748,5.837079048156738,-2.9626495838165283,41
-13.030816078186035,5.7112135887146,-2.9154186248779297,41
-13.39577579498291,5.563868999481201,-2.8695626258850098,41
-13.696560859680176,5.393277168273926,-2.828273057937622,41
-13.921995162963867,5.198081970214844,-2.7964420318603516,41
-14.059453964233398,4.977565288543701,-2.7804219722747803,41
-14.095720291137695,4.7314958572387695,-2.787761926651001,41
-14.017959594726562,4.460212230682373,-2.826688528060913,41
-13.81490707397461,4.164552688598633,-2.9052844047546387,41
-13.477860450744629,3.8457934856414795,-3.0310282707214355,41
-13.001298904418945,3.5058228969573975,-3.210230827331543,41
-12.383131980895996,3.147341012954712,-3.4482834339141846,41
-11.62445068359375,2.774167537689209,-3.750122308731079,41
-10.72887134552002,2.391622543334961,-4.12083625793457,41
-9.702057838439941,2.0065600872039795,-4.565817832946777,41
-8.551043510437012,1.6272122859954834,-5.0905303955078125,41
-7.283811092376709,1.2627772092819214,-5.699123859405518,41
-5.909300327301025,0.92277592420578,-6.393000602722168,41
-4.437469005584717,0.6164472103118896,-7.168582439422607,41
-2.879831314086914,0.3522801697254181,-8.015327453613281,41
-1.2498446702957153,0.13776113092899323,-8.914594650268555,41
0.43710532784461975,-0.020940106362104416,-9.84050464630127,41
2.1640892028808594,-0.11908648163080215,-10.76246452331543,41
3.913393259048462,-0.15371710062026978,-11.6482572555542,41
5.667379379272461,-0.12379046529531479,-12.467280387878418,41
7.40931510925293,-0.03051883354783058,-13.193568229675293,41
9.124418258666992,0.12261398136615753,-13.808238983154297,41
10.800312995910645,0.3297818601131439,-14.300980567932129,41
12.427409172058105,0.5831078886985779,-14.670196533203125,41
13.998905181884766,0.8729812502861023,-14.922450065612793,41
15.510432243347168,1.188620686531067,-15.071183204650879,41
16.959665298461914,1.5186166763305664,-15.134971618652344,41
18.345823287963867,1.8515441417694092,-15.135798454284668,41
19.668962478637695,2.1766018867492676,-15.097273826599121,41
20.929428100585938,2.4840357303619385,-15.042756080627441,41
22.127182006835938,2.765716314315796,-14.9940824508667,41
23.261335372924805,3.015320301055908,-14.96994400024414,41
24.329755783081055,3.2285733222961426,-14.984932899475098,41
25.328853607177734,3.4033119678497314,-15.04887866973877,41
26.253753662109375,3.5392510890960693,-15.166681289672852,41
27.09850311279297,3.6376802921295166,-15.338738441467285,41
27.856613159179688,3.7010157108306885,-15.56186580657959,41
28.521728515625,3.7323811054229736,-15.830324172973633,41
29.088293075561523,3.735198736190796,-16.13664436340332,41
29.552217483520508,3.7129967212677,-16.472715377807617,41
29.911542892456055,3.6691699028015137,-16.830446243286133,41
30.167091369628906,3.6068196296691895,-17.202632904052734,41
30.322816848754883,3.528831720352173,-17.58353614807129,41
30.386104583740234,3.437725067138672,-17.968984603881836,41
30.367708206176758,3.3359742164611816,-18.356595993041992,41
30.281261444091797,3.2259490489959717,-18.745037078857422,41
30.14270782470703,3.1102609634399414,-19.133649826049805,41
29.96923828125,2.9917752742767334,-19.52176284790039,41
29.778310775756836,2.8736298084259033,-19.908233642578125,41
29.586715698242188,2.7592155933380127,-20.29109001159668,41
29.409414291381836,2.651995897293091,-20.667497634887695,41
29.258777618408203,2.5553722381591797,-21.033611297607422,41
29.143871307373047,2.4724032878875732,-21.384239196777344,41
29.069900512695312,2.4058778285980225,-21.712791442871094,41
29.03805160522461,2.3581395149230957,-22.01073455810547,41
29.045467376708984,2.331191062927246,-22.267728805541992,41
29.08588218688965,2.3266730308532715,-22.471742630004883,41
29.15037727355957,2.3458051681518555,-22.610191345214844,41
29.22855567932129,2.3893516063690186,-22.670700073242188,41
29.309616088867188,2.4575698375701904,-22.642549514770508,41
29.383426666259766,2.55010986328125,-22.517629623413086,41
29.441524505615234,2.666017532348633,-22.291772842407227,41
29.47760009765625,2.80365252494812,-21.965688705444336,41
29.487781524658203,2.9608681201934814,-21.54552459716797,41
29.470264434814453,3.1351795196533203,-21.042892456054688,41
29.424789428710938,3.3241193294525146,-20.473453521728516,41
29.35158348083496,3.5256154537200928,-19.85492706298828,41
29.25025749206543,3.738394021987915,-19.20451545715332,41
29.11902618408203,3.962150812149048,-18.537147521972656,41
28.954343795776367,4.197582244873047,-17.86488151550293,41
28.75103187561035,4.446149826049805,-17.197345733642578,41
28.503015518188477,4.709563732147217,-16.54231834411621,41
28.20429039001465,4.989296913146973,-15.906722068786621,41
27.849973678588867,5.285969257354736,-15.29651927947998,41
27.437097549438477,5.598846435546875,-14.716546058654785,41
26.96523666381836,5.925500392913818,-14.169530868530273,41
26.4366455078125,6.261717319488525,-13.655566215515137,41
25.855863571166992,6.601674556732178,-13.17215347290039,41
25.22947120666504,6.938340187072754,-12.714953422546387,41
24.56501007080078,7.264153957366943,-12.27904987335205,41
23.870512008666992,7.571713924407959,-11.860105514526367,41
23.15353012084961,7.85446834564209,-11.455636978149414,41
22.42070960998535,8.107114791870117,-11.064811706542969,41
21.677268981933594,8.32589054107666,-10.688456535339355,41
20.926837921142578,8.508631706237793,-10.328292846679688,41
20.17158317565918,8.654528617858887,-9.986385345458984,41
19.412212371826172,8.76393985748291,-9.664628028869629,41
18.648216247558594,8.837992668151855,-9.363872528076172,41
17.878149032592773,8.87835693359375,-9.083555221557617,41
17.100078582763672,8.88700008392334,-8.821693420410156,41
16.31206703186035,8.865849494934082,-8.575252532958984,41
15.51275634765625,8.816937446594238,-8.340765953063965,41
14.70173454284668,8.742178916931152,-8.1151123046875,41
13.8798189163208,8.643608093261719,-7.896246910095215,41
13.04921817779541,8.523392677307129,-7.683535099029541,41
12.213254928588867,8.38402271270752,-7.4779744148254395,41
11.376108169555664,8.228310585021973,-7.281681060791016,41
10.542201042175293,8.059528350830078,-7.097268581390381,41
9.715697288513184,7.8813347816467285,-6.926967144012451,41
8.899951934814453,7.69765043258667,-6.771956920623779,41
8.097123146057129,7.512457847595215,-6.631763458251953,41
7.308017253875732,7.329743385314941,-6.504006862640381,41
6.532073020935059,7.153151035308838,-6.384459018707275,41
5.767586708068848,6.985970497131348,-6.267228603363037,41
5.0117926597595215,6.830997467041016,-6.145552158355713,41
4.261262893676758,6.69043493270874,-6.012343406677246,41
3.5121378898620605,6.565969467163086,-5.860781669616699,41
2.7603321075439453,6.458752632141113,-5.684969902038574,41
2.001856803894043,6.369405746459961,-5.480625152587891,41
1.2333608865737915,6.2981367111206055,-5.245469093322754,41
0.4523533582687378,6.24462890625,-4.979897975921631,41
-0.34234097599983215,6.208115577697754,-4.68726110458374,41
-1.150131344795227,6.187370777130127,-4.373964786529541,41
-1.968607783317566,6.180728912353516,-4.049314975738525,41
-2.7933969497680664,6.18613862991333,-3.7248377799987793,41
-3.618288516998291,6.201392650604248,-3.413231611251831,41
-4.435795307159424,6.224190711975098,-3.127286911010742,41
-5.237499713897705,6.2522711753845215,-2.878479242324829,41
-6.014888763427734,6.283622741699219,-2.675906181335449,41
-6.760003566741943,6.3163604736328125,-2.525580883026123,41
-7.466170310974121,6.34888219833374,-2.430083751678467,41
-8.128398895263672,6.379644870758057,-2.388627290725708,41
-8.743816375732422,6.4070916175842285,-2.397496223449707,41
-9.311771392822266,6.4295501708984375,-2.4505436420440674,41
-9.833724021911621,6.445044040679932,-2.539724826812744,41
-10.312883377075195,6.451358795166016,-2.6555380821228027,41
-10.75374698638916,6.44590950012207,-2.787510395050049,41
-11.16132640838623,6.425990581512451,-2.924720525741577,41
-11.540337562561035,6.388746738433838,-3.0562775135040283,41
-11.894205093383789,6.331477642059326,-3.1721153259277344,41
-12.224069595336914,6.2517499923706055,-3.2638187408447266,42
-12.528159141540527,6.147650241851807,-3.3255531787872314,42
-12.801172256469727,6.017848014831543,-3.354747772216797,42
-13.034248352050781,5.8616509437561035,-3.3526315689086914,42
-13.215262413024902,5.6789631843566895,-3.324303388595581,42
-13.329483985900879,5.470089435577393,-3.2781877517700195,42
-13.360684394836426,5.235570430755615,-3.22526478767395,42
-13.292353630065918,4.975953102111816,-3.177732229232788,42
-13.10906982421875,4.691552639007568,-3.147773504257202,42
-12.79764175415039,4.382639408111572,-3.1465632915496826,42
-12.3480863571167,4.049496650695801,-3.1840274333953857,42
-11.753981590270996,3.692960023880005,-3.2690086364746094,42
-11.012743949890137,3.3148138523101807,-3.4098873138427734,42
-10.125575065612793,2.9183921813964844,-3.6149425506591797,42
-9.097078323364258,2.508833646774292,-3.8925116062164307,42
-7.934986114501953,2.0932679176330566,-4.251102447509766,42
-6.649433135986328,1.6803956031799316,-4.699349403381348,42
-5.25242805480957,1.2801930904388428,-5.245335578918457,42
-3.757253408432007,0.9030689597129822,-5.895467758178711,42
-2.178159713745117,0.5591652989387512,-6.653112411499023,42
-0.5299520492553711,0.25766658782958984,-7.516845226287842,42
1.172098994255066,0.006251468323171139,-8.478798866271973,42
2.912278652191162,-0.1894475668668747,-9.523191452026367,42
4.674580097198486,-0.32590776681900024,-10.625704765319824,42
6.442813396453857,-0.4019782245159149,-11.754281997680664,42
8.20111083984375,-0.4186309576034546,-12.871210098266602,42
9.934168815612793,-0.3789444863796234,-13.936285972595215,42
11.62792682647705,-0.2876776158809662,-14.91010856628418,42
13.269875526428223,-0.15108273923397064,-15.757627487182617,42
14.849651336669922,0.02331268973648548,-16.451169967651367,42
16.35921287536621,0.22707650065422058,-16.972797393798828,42
17.79305648803711,0.45111915469169617,-17.31560707092285,42
19.14797019958496,0.6861333847045898,-17.483964920043945,42
20.4227294921875,0.923071026802063,-17.492717742919922,42
21.617643356323242,1.1536115407943726,-17.365875244140625,42
22.734172821044922,1.3705991506576538,-17.134580612182617,42
23.77429962158203,1.568358302116394,-16.83502769470215,42
24.74029541015625,1.7429472208023071,-16.505821228027344,42
25.634309768676758,1.8920518159866333,-16.185697555541992,42
26.45818328857422,2.014899730682373,-15.91119384765625,42
27.213293075561523,2.1117537021636963,-15.714661598205566,42
27.900556564331055,2.1835968494415283,-15.622871398925781,42
28.52056884765625,2.2316088676452637,-15.65556526184082,42
29.07358741760254,2.2570226192474365,-15.824858665466309,42
29.559860229492188,2.2607719898223877,-16.13517189025879,42
29.979888916015625,2.243500232696533,-16.583221435546875,42
30.334701538085938,2.2056362628936768,-17.159059524536133,42
30.626195907592773,2.1475989818573,-17.84675407409668,42
30.857192993164062,2.070138931274414,-18.62554359436035,42
31.031578063964844,1.9746487140655518,-19.470537185668945,42
31.154165267944336,1.8635464906692505,-20.354106903076172,42
31.23052406311035,1.7404019832611084,-21.24699592590332,42
31.266799926757812,1.6099822521209717,-22.119783401489258,42
31.26944351196289,1.4780769348144531,-22.944761276245117,42
31.24510383605957,1.3511229753494263,-23.697351455688477,42
31.20039939880371,1.2357661724090576,-24.35733413696289,42
31.14163589477539,1.138472557067871,-24.90939712524414,42
31.074586868286133,1.06508207321167,-25.343055725097656,42
31.004072189331055,1.020546793937683,-25.652130126953125,42
30.933828353881836,1.0088176727294922,-25.833646774291992,42
30.866092681884766,1.0327707529067993,-25.8870906829834,42
30.80160903930664,1.0941797494888306,-25.813888549804688,42
30.739877700805664,1.1937894821166992,-25.617332458496094,42
30.67945098876953,1.3312382698059082,-25.303037643432617,42
30.618406295776367,1.5050591230392456,-24.879751205444336,42
30.554920196533203,1.7126591205596924,-24.359779357910156,42
30.487504959106445,1.950490117073059,-23.759191513061523,42
30.415241241455078,2.2142136096954346,-23.09788703918457,42
30.337602615356445,2.498941659927368,-22.398244857788086,42
30.254091262817383,2.799717903137207,-21.68364906311035,42
30.16351890563965,3.111825942993164,-20.976036071777344,42
30.063337326049805,3.431328535079956,-20.293588638305664,42
29.949054718017578,3.7552640438079834,-19.648414611816406,42
29.813915252685547,4.081836700439453,-19.045469284057617,42
29.649192810058594,4.410333633422852,-18.482637405395508,42
29.44505500793457,4.740931987762451,-17.95193862915039,42
29.191631317138672,5.074290752410889,-17.441844940185547,42
28.880434036254883,5.411129474639893,-16.939298629760742,42
28.50554084777832,5.751765251159668,-16.431692123413086,42
28.064544677734375,6.095688343048096,-15.9086275100708,42
27.55881118774414,6.441335201263428,-15.362955093383789,42
26.99343490600586,6.785999774932861,-14.791780471801758,42
26.376323699951172,7.125916481018066,-14.196561813354492,42
25.717260360717773,7.456635475158691,-13.582930564880371,42
25.026626586914062,7.77338171005249,-12.959920883178711,42
24.314104080200195,8.071406364440918,-12.33855152130127,42
23.587806701660156,8.346319198608398,-11.73046588897705,42
22.853574752807617,8.594196319580078,-11.14648151397705,42
22.114856719970703,8.811767578125,-10.59567928314209,42
21.372655868530273,8.996322631835938,-10.084929466247559,42
20.625993728637695,9.145774841308594,-9.618901252746582,42
19.872295379638672,9.258567810058594,-9.19968318939209,42
19.108068466186523,9.333657264709473,-8.826926231384277,42
18.32948112487793,9.370464324951172,-8.49805736541748,42
17.532901763916016,9.368924140930176,-8.20903491973877,42
16.715564727783203,9.329537391662598,-7.9548115730285645,42
15.875914573669434,9.253366470336914,-7.730209827423096,42
15.014044761657715,9.142196655273438,-7.530563831329346,42
14.131698608398438,8.998540878295898,-7.352285385131836,42
13.232240676879883,8.825699806213379,-7.193060874938965,42
12.320390701293945,8.62774658203125,-7.051630973815918,42
11.401603698730469,8.409507751464844,-6.927674770355225,42
10.48165225982666,8.176490783691406,-6.821106910705566,42
9.565948486328125,7.934606075286865,-6.7317962646484375,42
8.659063339233398,7.690025329589844,-6.659110069274902,42
7.764455795288086,7.448841094970703,-6.6015496253967285,42
6.884175777435303,7.216777801513672,-6.556617259979248,42
6.018819808959961,6.998947620391846,-6.520831108093262,42
5.167660713195801,6.799481391906738,-6.489895820617676,42
4.32889461517334,6.621524810791016,-6.458927154541016,42
3.499687433242798,6.467012882232666,-6.4229559898376465,42
2.6766974925994873,6.336721420288086,-6.377084732055664,42
1.8561888933181763,6.2302069664001465,-6.3169450759887695,42
1.034451961517334,6.146093368530273,-6.238767147064209,42
0.20808236300945282,6.081937789916992,-6.139590263366699,42
-0.6255828142166138,6.034623146057129,-6.017548084259033,42
-1.4681109189987183,6.000432968139648,-5.872198581695557,42
-2.3196871280670166,5.975371837615967,-5.704622268676758,42
-3.178942918777466,5.955498218536377,-5.517606735229492,42
-4.042923927307129,5.937246322631836,-5.3155131340026855,42
-4.90703010559082,5.917634963989258,-5.104097366333008,42
-5.765388488769531,5.894504547119141,-4.8903422355651855,42
-6.610975742340088,5.8666911125183105,-4.682155132293701,42
-7.43629264831543,5.833843231201172,-4.487947463989258,42
-8.233878135681152,5.7964348793029785,-4.3157572746276855,42
-8.996940612792969,5.755459785461426,-4.172499179840088,42
-9.719943046569824,5.712093353271484,-4.063231945037842,42
-10.398953437805176,5.6673760414123535,-3.990452527999878,42
-11.031926155090332,5.621922492980957,-3.953920602798462,42
-11.618501663208008,5.575685977935791,-3.9504337310791016,42
-12.15970516204834,5.527766227722168,-3.9741787910461426,42
-12.657337188720703,5.47645902633667,-4.0172600746154785,42
-13.113171577453613,5.419267654418945,-4.070276260375977,43
-13.528117179870605,5.353142261505127,-4.123331546783447,43
-13.901302337646484,5.274631023406982,-4.166792869567871,43
-14.229385375976562,5.180126190185547,-4.192496299743652,43
-14.505912780761719,5.066051483154297,-4.1947479248046875,43
-14.721307754516602,4.928999900817871,-4.17116641998291,43
-14.863041877746582,4.765832424163818,-4.123340606689453,43
-14.916304588317871,4.573870658874512,-4.05679988861084,43
-14.865137100219727,4.350823402404785,-3.980642795562744,43
-14.693678855895996,4.095017910003662,-3.9067866802215576,43
-14.387681007385254,3.8053596019744873,-3.848694086074829,43
-13.935823440551758,3.481536388397217,-3.8204402923583984,43
-13.330706596374512,3.124267578125,-3.8356151580810547,43
-12.569220542907715,2.735628843307495,-3.907336473464966,43
-11.652349472045898,2.3195207118988037,-4.048570156097412,43
-10.584640502929688,1.8818942308425903,-4.27272891998291,43
-9.373335838317871,1.430863857269287,-4.594119071960449,43
-8.027894020080566,0.9764269590377808,-5.0278544425964355,43
-6.559147357940674,0.5300127267837524,-5.588578701019287,43
-4.9793009757995605,0.10376114398241043,-6.288235664367676,43
-3.301704168319702,-0.2902681231498718,-7.133167743682861,43
-1.5410224199295044,-0.6406989693641663,-8.120805740356445,43
0.28654614090919495,-0.9373807311058044,-9.237393379211426,43
2.163550853729248,-1.1718558073043823,-10.456969261169434,43
4.071394443511963,-1.3376394510269165,-11.74215316772461,43
5.990956783294678,-1.4303536415100098,-13.046295166015625,43
7.903223991394043,-1.447770357131958,-14.317402839660645,43
9.790190696716309,-1.3900208473205566,-15.503040313720703,43
11.635534286499023,-1.259437918663025,-16.55554962158203,43
13.425211906433105,-1.0607091188430786,-17.436433792114258,43
15.147659301757812,-0.8006258606910706,-18.11928939819336,43
16.793746948242188,-0.4879765212535858,-18.591293334960938,43
18.356679916381836,-0.13307134807109833,-18.85299301147461,43
19.831470489501953,0.25280535221099854,-18.917007446289062,43
21.21459197998047,0.6579961180686951,-18.805675506591797,43
22.503402709960938,1.0711431503295898,-18.54819107055664,43
23.69577407836914,1.4817951917648315,-18.177616119384766,43
24.789798736572266,1.8809610605239868,-17.728239059448242,43
25.78359603881836,2.261338233947754,-17.23310089111328,43
26.675230026245117,2.6174561977386475,-16.722511291503906,43
27.463146209716797,2.9454846382141113,-16.222999572753906,43
28.14622688293457,3.2428672313690186,-15.757118225097656,43
28.724306106567383,3.5079386234283447,-15.343555450439453,43
29.198328018188477,3.739549398422241,-14.99702262878418,43
29.570812225341797,3.936741352081299,-14.728754997253418,43
29.84613800048828,4.09865665435791,-14.547094345092773,43
30.030906677246094,4.22429084777832,-14.457944869995117,43
30.134170532226562,4.312553405761719,-14.465388298034668,43
30.167463302612305,4.362527847290039,-14.571918487548828,43
30.14453125,4.373666763305664,-14.778213500976562,43
30.080881118774414,4.346329212188721,-15.082610130310059,43
29.9929141998291,4.282144546508789,-15.480196952819824,43
29.89673614501953,4.184467792510986,-15.96182632446289,43
29.807140350341797,4.058504581451416,-16.513469696044922,43
29.736400604248047,3.9113142490386963,-17.1160831451416,43
29.693540573120117,3.751396894454956,-17.74688720703125,43
29.683786392211914,3.588200569152832,-18.380874633789062,43
29.708539962768555,3.4312357902526855,-18.993139266967773,43
29.765424728393555,3.289407253265381,-19.560667037963867,43
29.848678588867188,3.170409917831421,-20.063982009887695,43
29.949607849121094,3.0802574157714844,-20.48761558532715,43
30.057491302490234,3.0230510234832764,-20.820674896240234,43
30.160417556762695,3.0009536743164062,-21.05712127685547,43
30.246583938598633,3.01424241065979,-21.195789337158203,43
30.305355072021484,3.06142520904541,-21.24051856994629,43
30.328433990478516,3.1395890712738037,-21.199928283691406,43
30.310501098632812,3.244699716567993,-21.086685180664062,43
30.249513626098633,3.3720905780792236,-20.916147232055664,43
30.146575927734375,3.517000436782837,-20.705047607421875,43
30.005157470703125,3.675130605697632,-20.468976974487305,43
29.830171585083008,3.8431570529937744,-20.22037124633789,43
29.62647819519043,4.01931095123291,-19.966251373291016,43
29.397762298583984,4.203710556030273,-19.706438064575195,43
29.145505905151367,4.398427963256836,-19.43331527709961,43
28.868640899658203,4.607166767120361,-19.133129119873047,43
28.563949584960938,4.834601879119873,-18.788646697998047,43
28.226778030395508,5.085486888885498,-18.382919311523438,43
27.852313995361328,5.363631725311279,-17.90278434753418,43
27.436594009399414,5.670892238616943,-17.34148406982422,43
26.97739028930664,6.006536960601807,-16.700414657592773,43
26.474777221679688,6.366894245147705,-15.988977432250977,43
25.930923461914062,6.745506763458252,-15.222980499267578,43
25.349754333496094,7.133567810058594,-14.421772003173828,43
24.73603630065918,7.520864009857178,-13.605602264404297,43
24.094743728637695,7.896585941314697,-12.793038368225098,43
23.430173873901367,8.250456809997559,-11.999938011169434,43
22.745622634887695,8.573431015014648,-11.238926887512207,43
22.043230056762695,8.858476638793945,-10.520234107971191,43
21.324005126953125,9.10074520111084,-9.852595329284668,43
20.588254928588867,9.297686576843262,-9.243614196777344,43
19.83579444885254,9.448699951171875,-8.699992179870605,43
19.06625747680664,9.554718017578125,-8.226838111877441,43
18.27930450439453,9.617733001708984,-7.826915264129639,43
17.4748477935791,9.640239715576172,-7.4994964599609375,43
16.653148651123047,9.62485408782959,-7.240400791168213,43
15.81521224975586,9.574054718017578,-7.042980670928955,43
14.963102340698242,9.490120887756348,-6.899911880493164,43
14.100189208984375,9.375219345092773,-6.804141044616699,43
13.230937004089355,9.231707572937012,-6.749352931976318,43
12.360821723937988,9.06238079071045,-6.729812145233154,43
11.495808601379395,8.870675086975098,-6.740197658538818,43
10.641851425170898,8.660808563232422,-6.77544641494751,43
9.804269790649414,8.437704086303711,-6.830175876617432,43
8.987152099609375,8.206792831420898,-6.898255348205566,43
8.192994117736816,7.97372579574585,-6.972240924835205,43
7.422333240509033,7.744175434112549,-7.043610095977783,43
6.673933029174805,7.523467063903809,-7.103094100952148,43
5.945018291473389,7.316340923309326,-7.1413655281066895,43
5.23163366317749,7.126911163330078,-7.14990758895874,43
4.529001712799072,6.958408832550049,-7.121603488922119,43
3.831998586654663,6.8133015632629395,-7.050933361053467,43
3.135309934616089,6.693139553070068,-6.934207916259766,43
2.433807373046875,6.5986762046813965,-6.7695159912109375,43
1.7228394746780396,6.529810905456543,-6.556826591491699,43
0.9985378980636597,6.485619068145752,-6.298018932342529,43
0.25819090008735657,6.464465141296387,-5.996898651123047,43
-0.49951472878456116,6.4639787673950195,-5.659265518188477,43
-1.2740262746810913,6.481208324432373,-5.292796611785889,43
-2.062869071960449,6.512841701507568,-4.906777858734131,43
-2.861703395843506,6.5553059577941895,-4.511653423309326,43
-3.664458751678467,6.605061054229736,-4.118250846862793,43
-4.4637651443481445,6.6587934494018555,-3.7371246814727783,43
-5.251560211181641,6.713564395904541,-3.377863645553589,43
-6.019678115844727,6.766851902008057,-3.0486011505126953,43
-6.760523319244385,6.816654682159424,-2.7558982372283936,43
-7.46759033203125,6.861331939697266,-2.5045900344848633,43
-8.135958671569824,6.899476528167725,-2.2980175018310547,43
-8.762516021728516,6.929817199707031,-2.1380016803741455,43
-9.346086502075195,6.95088529586792,-2.0250227451324463,43
-9.887445449829102,6.961058616638184,-1.9581117630004883,43
-10.388936996459961,6.9583258628845215,-1.9346990585327148,43
-10.854159355163574,6.940382957458496,-1.950455904006958,43
-11.287229537963867,6.904582500457764,-1.9995015859603882,44
-11.69201374053955,6.84822416305542,-2.0746822357177734,44
-12.071227073669434,6.768599033355713,-2.1682844161987305,44
-12.425583839416504,6.663288116455078,-2.272941827774048,44
-12.752949714660645,6.530400276184082,-2.382572650909424,44
-13.047810554504395,6.368672847747803,-2.493248224258423,44
-13.301058769226074,6.177685260772705,-2.6037635803222656,44
-13.500150680541992,5.957761764526367,-2.7157704830169678,44
-13.629805564880371,5.709959506988525,-2.8334436416625977,44
-13.672927856445312,5.435842990875244,-2.9626054763793945,44
-13.611985206604004,5.1372504234313965,-3.1098110675811768,44
-13.430289268493652,4.8160929679870605,-3.2814321517944336,44
-13.113595008850098,4.4743242263793945,-3.482841730117798,44
-12.651094436645508,4.113884925842285,-3.717972993850708,44
-12.036365509033203,3.7369842529296875,-3.9893295764923096,44
-11.267611503601074,3.3464722633361816,-4.298454761505127,44
-10.34758472442627,2.946058750152588,-4.646893501281738,44
-9.28331470489502,2.540898561477661,-5.03661584854126,44
-8.085480690002441,2.1376304626464844,-5.470759868621826,44
-6.76774263381958,1.7443846464157104,-5.953679084777832,44
-5.345849990844727,1.370328426361084,-6.490603446960449,44
-3.836888551712036,1.0252206325531006,-7.0866804122924805,44
-2.258488416671753,0.7186084985733032,-7.745168209075928,44
-0.6283997297286987,0.4592496454715729,-8.465531349182129,44
1.035995364189148,0.25459912419319153,-9.241424560546875,44
2.7178471088409424,0.11024018377065659,-10.059300422668457,44
4.401282787322998,0.02969316393136978,-10.898024559020996,44
6.071498394012451,0.014159264042973518,-11.73022747039795,44
7.715397834777832,0.06239872798323631,-12.52527904510498,44
9.322182655334473,0.170684814453125,-13.253447532653809,44
10.883737564086914,0.3328785300254822,-13.889768600463867,44
12.394830703735352,0.5407718420028687,-14.416754722595215,44
13.852762222290039,0.7844234704971313,-14.825836181640625,44
15.256820678710938,1.052865982055664,-15.116928100585938,44
16.607460021972656,1.3347331285476685,-15.29740047454834,44
17.905805587768555,1.6189687252044678,-15.380404472351074,44
19.152875900268555,1.8953715562820435,-15.383363723754883,44
20.349365234375,2.155081033706665,-15.326208114624023,44
21.495101928710938,2.3909928798675537,-15.229991912841797,44
22.58879852294922,2.598045587539673,-15.115193367004395,44
23.6278133392334,2.773228168487549,-15.000521659851074,44
24.608259201049805,2.915590524673462,-14.90236759185791,44
25.52511215209961,3.0258724689483643,-14.834303855895996,44
26.372665405273438,3.1061246395111084,-14.807493209838867,44
27.14497947692871,3.1592371463775635,-14.830850601196289,44
27.83636474609375,3.1884360313415527,-14.911681175231934,44
28.442033767700195,3.1969480514526367,-15.055758476257324,44
28.958539962768555,3.1876027584075928,-15.267600059509277,44
29.38448715209961,3.1625592708587646,-15.550631523132324,44
29.720796585083008,3.1232874393463135,-15.907044410705566,44
29.971248626708984,3.070422887802124,-16.337533950805664,44
30.142436981201172,3.004065990447998,-16.840770721435547,44
30.243541717529297,2.923959255218506,-17.4129638671875,44
30.285863876342773,2.830008029937744,-18.04668617248535,44
30.28204917907715,2.722736120223999,-18.730669021606445,44
30.245079040527344,2.6037144660949707,-19.449007034301758,44
30.187387466430664,2.475924253463745,-20.181903839111328,44
30.1198673248291,2.3438167572021484,-20.90656280517578,44
30.051477432250977,2.2132372856140137,-21.598772048950195,44
29.988679885864258,2.090916633605957,-22.235057830810547,44
29.935277938842773,1.9841797351837158,-22.794185638427734,44
29.89244842529297,1.9002083539962769,-23.258378982543945,44
29.85881996154785,1.8456608057022095,-23.613554000854492,44
29.830703735351562,1.826269268989563,-23.84937858581543,44
29.802751541137695,1.8463915586471558,-23.95904541015625,44
29.768720626831055,1.908805012702942,-23.939157485961914,44
29.722322463989258,2.0144288539886475,-23.790149688720703,44
29.658266067504883,2.162346363067627,-23.516328811645508,44
29.572933197021484,2.349799633026123,-23.126209259033203,44
29.464981079101562,2.5725269317626953,-22.63266944885254,44
29.335386276245117,2.8251659870147705,-22.05249786376953,44
29.18722915649414,3.101757764816284,-21.405431747436523,44
29.025043487548828,3.3964271545410156,-20.71257781982422,44
28.853458404541016,3.7039027214050293,-19.994260787963867,44
28.676225662231445,4.019963264465332,-19.26784324645996,44
28.49491310119629,4.34177827835083,-18.545881271362305,44
28.30838966369629,4.667791366577148,-17.835655212402344,44
28.112585067749023,4.99755334854126,-17.139739990234375,44
27.90095329284668,5.331186294555664,-16.457721710205078,44
27.665502548217773,5.668736934661865,-15.787944793701172,44
27.39767074584961,6.009657859802246,-15.129239082336426,44
27.08955955505371,6.352306365966797,-14.481971740722656,44
26.73483657836914,6.6935811042785645,-13.84823226928711,44
26.329320907592773,7.028968811035156,-13.231657981872559,44
25.871402740478516,7.352707862854004,-12.636604309082031,44
25.361764907836914,7.658341884613037,-12.067899703979492,44
24.803146362304688,7.939527988433838,-11.529970169067383,44
24.199661254882812,8.19074535369873,-11.026278495788574,44
23.556032180786133,8.408181190490723,-10.558852195739746,44
22.87712287902832,8.589990615844727,-10.128034591674805,44
22.167476654052734,8.736474990844727,-9.7326078414917,44
21.431171417236328,8.849772453308105,-9.370539665222168,44
20.671831130981445,8.933238983154297,-9.039135932922363,44
19.892654418945312,8.990673065185547,-8.73568058013916,44
19.096464157104492,9.025729179382324,-8.457857131958008,44
18.285812377929688,9.041245460510254,-8.203681945800781,44
17.463062286376953,9.038909912109375,-7.971514701843262,44
16.630475997924805,9.019258499145508,-7.759946823120117,44
15.790135383605957,8.981826782226562,-7.567089080810547,44
14.944121360778809,8.925615310668945,-7.389764308929443,44
14.094314575195312,8.849672317504883,-7.2236175537109375,44
13.24259090423584,8.753483772277832,-7.064093589782715,44
12.390886306762695,8.63740062713623,-6.908024787902832,44
11.54104232788086,8.502930641174316,-6.754029750823975,44
10.694520950317383,8.352688789367676,-6.601898670196533,44
9.852060317993164,8.190354347229004,-6.451370716094971,44
9.013527870178223,8.02025318145752,-6.30154275894165,44
8.177842140197754,7.847095966339111,-6.150712490081787,44
7.343255996704102,7.6755290031433105,-5.996631622314453,44
6.507478713989258,7.509886264801025,-5.836706638336182,44
5.667778968811035,7.3538923263549805,-5.668295383453369,44
4.82133674621582,7.210612773895264,-5.488680362701416,44
3.965388774871826,7.082262992858887,-5.295404434204102,44
3.0974485874176025,6.970315456390381,-5.086534023284912,44
2.2157015800476074,6.875412940979004,-4.860897064208984,44
1.3191866874694824,6.797377586364746,-4.618392467498779,44
0.4083723723888397,6.735294342041016,-4.360044956207275,44
-0.514821469783783,6.687618732452393,-4.088468074798584,44
-1.4465582370758057,6.6523542404174805,-3.8077638149261475,44
-2.381272077560425,6.627187252044678,-3.5235884189605713,44
-3.3117215633392334,6.60969877243042,-3.2425038814544678,44
-4.2295355796813965,6.597726821899414,-2.9715561866760254,44
-5.125580787658691,6.58942985534668,-2.717484474182129,44
-5.990769386291504,6.5835280418396,-2.4862422943115234,44
-6.816562175750732,6.579379558563232,-2.2826359272003174,44
-7.5956339836120605,6.576830863952637,-2.110290050506592,44
-8.322282791137695,6.576201915740967,-1.9715995788574219,44
-8.99290943145752,6.578024864196777,-1.8680579662322998,44
-9.606101036071777,6.582904815673828,-1.8001943826675415,44
-10.162796020507812,6.591130256652832,-1.7677479982376099,44
-10.666093826293945,6.602557182312012,-1.7694627046585083,44
-11.120903015136719,6.6163554191589355,-1.8030179738998413,44
-11.533483505249023,6.630941390991211,-1.8647462129592896,44
-11.910810470581055,6.643855571746826,-1.9495426416397095,44
-12.259818077087402,6.651806354522705,-2.050786018371582,44
-12.58664321899414,6.650857925415039,-2.1604838371276855,45
-12.895857810974121,6.636547565460205,-2.2696306705474854,45
-13.189690589904785,6.604299545288086,-2.3689770698547363,45
-13.46756649017334,6.54975700378418,-2.450063467025757,45
-13.72565746307373,6.469130992889404,-2.506398916244507,45
-13.956718444824219,6.359556674957275,-2.5344974994659424,45
-14.150189399719238,6.219325542449951,-2.5349199771881104,45
-14.292539596557617,6.047826290130615,-2.512441873550415,45
-14.367924690246582,5.845521926879883,-2.4759864807128906,45
-14.35908317565918,5.6136651039123535,-2.437448501586914,45
-14.248503684997559,5.353942394256592,-2.4106268882751465,45
-14.01976490020752,5.068137168884277,-2.4093682765960693,45
-13.658862113952637,4.7578020095825195,-2.4463322162628174,45
-13.155181884765625,4.42427921295166,-2.5316109657287598,45
-12.502392768859863,4.068785667419434,-2.6725101470947266,45
-11.698711395263672,3.692864179611206,-2.873641014099121,45
-10.746526718139648,3.298877000808716,-3.1383187770843506,45
-9.652087211608887,2.8905227184295654,-3.469867467880249,45
-8.424332618713379,2.473254919052124,-3.8730475902557373,45
-7.074195861816406,2.054384708404541,-4.354784965515137,45
-5.6135358810424805,1.6427712440490723,-4.924223899841309,45
-4.054495334625244,1.2482860088348389,-5.591602802276611,45
-2.4089908599853516,0.8811156153678894,-6.366302967071533,45
-0.6885823011398315,0.5509227514266968,-7.254228591918945,45
1.0953090190887451,0.26621541380882263,-8.254884719848633,45
2.9310312271118164,0.03388294577598572,-9.358927726745605,45
4.806299209594727,-0.14097470045089722,-10.546781539916992,45
6.707851886749268,-0.25521549582481384,-11.789105415344238,45
8.621454238891602,-0.30767378211021423,-13.048262596130371,45
10.532078742980957,-0.29898783564567566,-14.281352043151855,45
12.424365043640137,-0.23170408606529236,-15.443995475769043,45
14.28318977355957,-0.1100558266043663,-16.494678497314453,45
16.094314575195312,0.06003560125827789,-17.398941040039062,45
17.844938278198242,0.27121835947036743,-18.132556915283203,45
19.524093627929688,0.5147891640663147,-18.683277130126953,45
21.122785568237305,0.7812851071357727,-19.051164627075195,45
22.633914947509766,1.0608052015304565,-19.247447967529297,45
24.052082061767578,1.3437360525131226,-19.29242515563965,45
25.373268127441406,1.6212528944015503,-19.213058471679688,45
26.59441566467285,1.8858391046524048,-19.04016876220703,45
27.713163375854492,2.1317057609558105,-18.806156158447266,45
28.727506637573242,2.35482120513916,-18.542539596557617,45
29.635644912719727,2.552826404571533,-18.278465270996094,45
30.435958862304688,2.724766254425049,-18.039716720581055,45
31.12708854675293,2.870560884475708,-17.847980499267578,45
31.708251953125,2.9905354976654053,-17.7208251953125,45
32.17927169799805,3.085061550140381,-17.67123031616211,45
32.54106521606445,3.1542420387268066,-17.707685470581055,45
32.7960090637207,3.1977338790893555,-17.83432960510254,45
32.94818878173828,3.214815616607666,-18.051067352294922,45
33.00367736816406,3.2044694423675537,-18.353961944580078,45
32.970645904541016,3.1658077239990234,-18.735380172729492,45
32.85918426513672,3.0984785556793213,-19.18402099609375,45
32.680992126464844,3.003199815750122,-19.685256958007812,45
32.44878005981445,2.8822743892669678,-20.221229553222656,45
32.175846099853516,2.7399401664733887,-20.771770477294922,45
31.875457763671875,2.5824906826019287,-21.31553840637207,45
31.560392379760742,2.418058156967163,-21.831430435180664,45
31.242555618286133,2.25618577003479,-22.300352096557617,45
30.932741165161133,2.107003927230835,-22.706594467163086,45
30.640262603759766,1.9805172681808472,-23.03886604309082,45
30.37289810180664,1.8857043981552124,-23.29042625427246,45
30.13636589050293,1.8297748565673828,-23.458351135253906,45
29.934154510498047,1.8178365230560303,-23.542537689208984,45
29.767330169677734,1.852595567703247,-23.54413414001465,45
29.634510040283203,1.934561848640442,-23.46427345275879,45
29.531999588012695,2.0621795654296875,-23.30341911315918,45
29.45441246032715,2.2323155403137207,-23.0610294342041,45
29.39518165588379,2.440502405166626,-22.736209869384766,45
29.34727668762207,2.681457996368408,-22.328479766845703,45
29.30375862121582,2.949376106262207,-21.83875846862793,45
29.2581844329834,3.2383482456207275,-21.270126342773438,45
29.20475196838379,3.54272198677063,-20.62828826904297,45
29.13813018798828,3.857555627822876,-19.921634674072266,45
29.05301856994629,4.17888069152832,-19.160703659057617,45
28.943777084350586,4.50398588180542,-18.357507705688477,45
28.804048538208008,4.831497669219971,-17.524816513061523,45
28.62665367126465,5.161271095275879,-16.67584991455078,45
28.4039249420166,5.494134426116943,-15.823796272277832,45
28.128273010253906,5.831353664398193,-14.981636047363281,45
27.792919158935547,6.174127578735352,-14.161665916442871,45
27.392854690551758,6.5229082107543945,-13.374978065490723,45
26.925500869750977,6.876922607421875,-12.630627632141113,45
26.391223907470703,7.233852386474609,-11.935280799865723,45
25.793384552001953,7.589625835418701,-11.292738914489746,45
25.138158798217773,7.938702583312988,-10.704307556152344,45
24.433807373046875,8.27462387084961,-10.168909072875977,45
23.689931869506836,8.5905179977417,-9.68370246887207,45
22.916547775268555,8.88003158569336,-9.244645118713379,45
22.123367309570312,9.137727737426758,-8.847323417663574,45
21.319135665893555,9.359624862670898,-8.487430572509766,45
20.511280059814453,9.543167114257812,-8.161218643188477,45
19.705528259277344,9.687254905700684,-7.865286350250244,45
18.90567398071289,9.7919921875,-7.596174240112305,45
18.11379623413086,9.858489990234375,-7.350030422210693,45
17.33038330078125,9.888422966003418,-7.122516632080078,45
16.554744720458984,9.88390827178955,-6.909002304077148,45
15.785540580749512,9.847115516662598,-6.705008029937744,45
15.021406173706055,9.780272483825684,-6.506847381591797,45
14.261312484741211,9.685539245605469,-6.3125505447387695,45
13.50512981414795,9.565062522888184,-6.122429370880127,45
12.753508567810059,9.421096801757812,-5.939248085021973,45
12.007893562316895,9.256176948547363,-5.767963886260986,45
11.270031929016113,9.073151588439941,-5.614653587341309,45
10.541312217712402,8.875406265258789,-5.485447883605957,45
9.822277069091797,8.666790962219238,-5.3849778175354,45
9.111981391906738,8.451702117919922,-5.315267562866211,45
8.407642364501953,8.234962463378906,-5.274811744689941,45
7.704532623291016,8.021622657775879,-5.258128643035889,45
6.996199131011963,7.8167572021484375,-5.256119728088379,45
6.275237560272217,7.62518835067749,-5.257297992706299,45
5.533963203430176,7.451244831085205,-5.249400615692139,45
4.76530122756958,7.298471927642822,-5.221006393432617,45
3.963446617126465,7.169528961181641,-5.162721157073975,45
3.1245651245117188,7.066068172454834,-5.067899703979492,45
2.2472236156463623,6.988622188568115,-4.933183670043945,45
1.3327258825302124,6.936739921569824,-4.758698463439941,45
0.3852611482143402,6.908914566040039,-4.547842979431152,45
-0.5881754159927368,6.902883529663086,-4.306905746459961,45
-1.578005313873291,6.915864944458008,-4.0441412925720215,45
-2.572664499282837,6.944687366485596,-3.7688441276550293,45
-3.5593056678771973,6.9862542152404785,-3.490178108215332,45
-4.524734973907471,7.037692546844482,-3.216245651245117,45
-5.456342697143555,7.096460342407227,-2.9533801078796387,45
-6.343033313751221,7.160478591918945,-2.7060024738311768,45
-7.176004409790039,7.227927207946777,-2.4767632484436035,45
-7.949225902557373,7.297157287597656,-2.2670180797576904,45
-8.659602165222168,7.366539001464844,-2.0774006843566895,45
-9.306977272033691,7.434199810028076,-1.908431887626648,45
-9.893607139587402,7.497932434082031,-1.7606011629104614,45
-10.423648834228516,7.555060863494873,-1.6344386339187622,45
-10.90248966217041,7.602451324462891,-1.5302143096923828,45
-11.335793495178223,7.636417865753174,-1.447577714920044,45
-11.728802680969238,7.652984619140625,-1.3853868246078491,45
-12.08536434173584,7.647879123687744,-1.3416773080825806,45
-12.407133102416992,7.616940021514893,-1.3141200542449951,46
-12.69306755065918,7.556313514709473,-1.3005485534667969,46
-12.93875789642334,7.462727069854736,-1.2996145486831665,46
-13.13650131225586,7.333741664886475,-1.3115241527557373,46
-13.275328636169434,7.167868614196777,-1.338165521621704,46
-13.341707229614258,6.9645280838012695,-1.3832180500030518,46
-13.320280075073242,6.724043846130371,-1.4516102075576782,46
-13.195169448852539,6.447322845458984,-1.5489383935928345,46
-12.951351165771484,6.135756492614746,-1.680436611175537,46
-12.575983047485352,5.790907382965088,-1.8501631021499634,46
-12.059622764587402,5.414549350738525,-2.060408115386963,46
-11.397061347961426,5.008885383605957,-2.311760663986206,46
-10.58753490447998,4.576813220977783,-2.6038758754730225,46
-9.634572982788086,4.122487545013428,-2.9369900226593018,46
-8.545219421386719,3.6517410278320312,-3.313481569290161,46
-7.329159259796143,3.1722803115844727,-3.739070415496826,46
-5.997947692871094,2.6936774253845215,-4.223236560821533,46
-4.564234256744385,2.2268710136413574,-4.778193950653076,46
-3.0412163734436035,1.7835016250610352,-5.417231559753418,46
-1.4422029256820679,1.3751558065414429,-6.152068614959717,46
0.2195681482553482,1.0125081539154053,-6.9897050857543945,46
1.9306458234786987,0.7046636343002319,-7.929312705993652,46
3.677309274673462,0.45867857336997986,-8.959418296813965,46
5.4452009201049805,0.27936050295829773,-10.057027816772461,46
7.219559669494629,0.1690671294927597,-11.188394546508789,46
8.985335350036621,0.12794643640518188,-12.312518119812012,46
10.727900505065918,0.1539342999458313,-13.385418891906738,46
12.433293342590332,0.24302121996879578,-14.3650541305542,46
14.08894157409668,0.3894752562046051,-15.215024948120117,46
15.683884620666504,0.5860216021537781,-15.908215522766113,46
17.20901107788086,0.8240280151367188,-16.428298950195312,46
18.657209396362305,1.0939925909042358,-16.770587921142578,46
20.02329444885254,1.3858752250671387,-16.94129753112793,46
21.30367660522461,1.6896839141845703,-16.956308364868164,46
22.496103286743164,1.9959172010421753,-16.83907127380371,46
23.599334716796875,2.296149969100952,-16.618671417236328,46
24.61270523071289,2.583332061767578,-16.327421188354492,46
25.535940170288086,2.8520989418029785,-15.998929023742676,46
26.368799209594727,3.0987555980682373,-15.665948867797852,46
27.11113929748535,3.321122169494629,-15.35910415649414,46
27.762781143188477,3.518205404281616,-15.105544090270996,46
28.32386589050293,3.6896963119506836,-14.928342819213867,46
28.79505729675293,3.83566951751709,-14.84591007232666,46
29.177919387817383,3.9561984539031982,-14.871809959411621,46
29.475500106811523,4.0510993003845215,-15.014863014221191,46
29.692567825317383,4.1198601722717285,-15.279134750366211,46
29.835926055908203,4.1616716384887695,-15.664241790771484,46
29.914541244506836,4.175573348999023,-16.165132522583008,46
29.93927764892578,4.160894870758057,-16.772010803222656,46
29.922395706176758,4.117575645446777,-17.47020149230957,46
29.876846313476562,4.046748638153076,-18.24014663696289,46
29.81545639038086,3.950998067855835,-19.057865142822266,46
29.75009536743164,3.8346171379089355,-19.89615821838379,46
29.691057205200195,3.703378200531006,-20.726261138916016,46
29.646692276000977,3.5641720294952393,-21.519996643066406,46
29.623064041137695,3.424532413482666,-22.251924514770508,46
29.623865127563477,3.291907548904419,-22.90055274963379,46
29.650264739990234,3.1731152534484863,-23.449119567871094,46
29.7010440826416,3.074004650115967,-23.885570526123047,46
29.772579193115234,2.9990808963775635,-24.202022552490234,46
29.859357833862305,2.9514496326446533,-24.39405632019043,46
29.954248428344727,2.9327657222747803,-24.459836959838867,46
30.049365997314453,2.943387746810913,-24.399932861328125,46
30.136594772338867,2.982436418533325,-24.216901779174805,46
30.20847511291504,3.0480597019195557,-23.915660858154297,46
30.258865356445312,3.1376030445098877,-23.503982543945312,46
30.28357696533203,3.2478325366973877,-22.993247985839844,46
30.280635833740234,3.375215768814087,-22.398752212524414,46
30.25016975402832,3.516313076019287,-21.73952293395996,46
30.193954467773438,3.668039560317993,-21.03730010986328,46
30.114553451538086,3.828148126602173,-20.314746856689453,46
30.014116287231445,3.9955642223358154,-19.59327507019043,46
29.893428802490234,4.170603275299072,-18.89099884033203,46
29.750930786132812,4.3550333976745605,-18.22147560119629,46
29.58271026611328,4.5517120361328125,-17.593292236328125,46
29.382732391357422,4.764209270477295,-17.01064682006836,46
29.14369010925293,4.996122360229492,-16.474090576171875,46
28.858245849609375,5.250243186950684,-15.981271743774414,46
28.520036697387695,5.5279154777526855,-15.527585983276367,46
28.1248722076416,5.828485012054443,-15.106703758239746,46
27.67141342163086,6.148837089538574,-14.711202621459961,46
27.16130256652832,6.483490943908691,-14.333305358886719,46
26.599035263061523,6.825047016143799,-13.965642929077148,46
25.991233825683594,7.164877891540527,-13.601729393005371,46
25.345779418945312,7.494133949279785,-13.236774444580078,46
24.670928955078125,7.804625034332275,-12.868114471435547,46
23.974506378173828,8.089418411254883,-12.495396614074707,46
23.263334274291992,8.34337329864502,-12.120671272277832,46
22.54280662536621,8.563131332397461,-11.74759292602539,46
21.816633224487305,8.747041702270508,-11.380853652954102,46
21.086814880371094,8.894777297973633,-11.025136947631836,46
20.353778839111328,9.006975173950195,-10.684399604797363,46
19.61652946472168,9.084758758544922,-10.361429214477539,46
18.873140335083008,9.129417419433594,-10.057682037353516,46
18.121261596679688,9.142087936401367,-9.773690223693848,46
17.35853385925293,9.123693466186523,-9.509512901306152,46
16.5831298828125,9.075039863586426,-9.26529312133789,46
15.794023513793945,8.996931076049805,-9.041626930236816,46
14.991300582885742,8.890464782714844,-8.839568138122559,46
14.176006317138672,8.757322311401367,-8.660562515258789,46
13.350014686584473,8.599922180175781,-8.505816459655762,46
12.515605926513672,8.421581268310547,-8.375449180603027,46
11.675076484680176,8.226518630981445,-8.267827987670898,46
10.83012580871582,8.019763946533203,-8.178853034973145,46
9.981715202331543,7.806889057159424,-8.101611137390137,46
9.129852294921875,7.593723297119141,-8.026604652404785,46
8.27347183227539,7.385936737060547,-7.942526340484619,46
7.410827159881592,7.188773155212402,-7.837284564971924,46
6.539651393890381,7.006667137145996,-7.699310302734375,46
5.657554626464844,6.84318208694458,-7.518997669219971,46
4.762332916259766,6.7008280754089355,-7.289571285247803,46
3.852240800857544,6.581146240234375,-7.007696628570557,46
2.92629337310791,6.4847822189331055,-6.673707962036133,46
1.984422206878662,6.411449432373047,-6.291391849517822,46
1.0279659032821655,6.360213279724121,-5.868099689483643,46
0.05985921248793602,6.3294806480407715,-5.414480686187744,46
-0.9150922298431396,6.317269325256348,-4.944049835205078,46
-1.8902732133865356,6.321310043334961,-4.472393989562988,46
-2.857405424118042,6.339380264282227,-4.01591682434082,46
-3.80705189704895,6.369367599487305,-3.5906052589416504,46
-4.729130268096924,6.409532070159912,-3.2105660438537598,46
-5.613680362701416,6.458463191986084,-2.8868913650512695,46
-6.4516167640686035,6.515060901641846,-2.626985788345337,46
-7.2353901863098145,6.578449726104736,-2.434159755706787,46
-7.959516525268555,6.6477155685424805,-2.3078997135162354,46
-8.620976448059082,6.721714019775391,-2.244396209716797,46
-9.219310760498047,6.798810005187988,-2.2371625900268555,46
-9.756575584411621,6.876702785491943,-2.2779197692871094,46
-10.236988067626953,6.9524054527282715,-2.357221841812134,46
-10.666330337524414,7.022150993347168,-2.46486234664917,46
-11.051178932189941,7.081542491912842,-2.5904510021209717,46
-11.39814281463623,7.125860214233398,-2.72381591796875,46
-11.71264362335205,7.150191783905029,-2.85537052154541,47
-11.998162269592285,7.149918556213379,-2.9768447875976562,47
-12.255268096923828,7.120842456817627,-3.0818288326263428,47
-12.480956077575684,7.059506893157959,-3.166560411453247,47
-12.668397903442383,6.963314056396484,-3.2305455207824707,47
-12.806879997253418,6.830500602722168,-3.276852607727051,47
-12.882439613342285,6.660159587860107,-3.3120687007904053,47
-12.87880802154541,6.452054977416992,-3.345775604248047,47
-12.778630256652832,6.206376075744629,-3.3893039226531982,47
-12.565223693847656,5.923558712005615,-3.454516887664795,47
-12.223959922790527,5.604203224182129,-3.5523691177368164,47
-11.743725776672363,5.249098300933838,-3.6919968128204346,47
-11.117740631103516,4.8595662117004395,-3.8802504539489746,47
-10.343953132629395,4.437864303588867,-4.122154235839844,47
-9.42484188079834,3.9877431392669678,-4.421717166900635,47
-8.366954803466797,3.5148746967315674,-4.782796859741211,47
-7.180191993713379,3.0270135402679443,-5.2098798751831055,47
-5.876852512359619,2.5340442657470703,-5.708568572998047,47
-4.470499515533447,2.0473849773406982,-6.285773754119873,47
-2.97516131401062,1.57943856716156,-6.949006080627441,47
-1.40469491481781,1.1425520181655884,-7.704563617706299,47
0.2275242805480957,0.7482514381408691,-8.555057525634766,47
1.9084618091583252,0.40636637806892395,-9.496969223022461,47
3.6253468990325928,0.12459148466587067,-10.518498420715332,47
5.3654632568359375,-0.09188070893287659,-11.598929405212402,47
7.115959167480469,-0.24030187726020813,-12.70943546295166,47
8.863912582397461,-0.32017916440963745,-13.815238952636719,47
10.596421241760254,-0.33307501673698425,-14.878655433654785,47
12.301032066345215,-0.2823861837387085,-15.862586975097656,47
13.965901374816895,-0.17315930128097534,-16.734121322631836,47
15.580253601074219,-0.012023914605379105,-17.466981887817383,47
17.13446617126465,0.19296862185001373,-18.04368019104004,47
18.6203670501709,0.4324582815170288,-18.456220626831055,47
20.031248092651367,0.6962499022483826,-18.706281661987305,47
21.361820220947266,0.9735636115074158,-18.80419158935547,47
22.608062744140625,1.2537342309951782,-18.767539978027344,47
23.766998291015625,1.5268428325653076,-18.619382858276367,47
24.836292266845703,1.7841682434082031,-18.386354446411133,47
25.814016342163086,2.0186426639556885,-18.096698760986328,47
26.698366165161133,2.22522234916687,-17.778764724731445,47
27.48757553100586,2.4007952213287354,-17.45969009399414,47
28.180139541625977,2.5440049171447754,-17.16485023498535,47
28.774925231933594,2.6548712253570557,-16.91749382019043,47
29.271650314331055,2.734203338623047,-16.738645553588867,47
29.671171188354492,2.783212661743164,-16.646625518798828,47
29.975770950317383,2.803102731704712,-16.656841278076172,47
30.18959617614746,2.7948036193847656,-16.781417846679688,47
30.31880760192871,2.7588624954223633,-17.029006958007812,47
30.37192153930664,2.69547438621521,-17.40407371520996,47
30.35947036743164,2.6046712398529053,-17.90623664855957,47
30.293764114379883,2.4867546558380127,-18.529502868652344,47
30.188308715820312,2.3427531719207764,-19.261323928833008,47
30.05693817138672,2.174912214279175,-20.082258224487305,47
29.913076400756836,1.987091302871704,-20.966285705566406,47
29.769102096557617,1.7848683595657349,-21.881650924682617,47
29.635648727416992,1.5754759311676025,-22.793163299560547,47
29.521461486816406,1.3673553466796875,-23.664596557617188,47
29.433204650878906,1.1695270538330078,-24.461761474609375,47
29.3754825592041,0.9909744262695312,-25.154787063598633,47
29.3508358001709,0.8399739861488342,-25.719467163085938,47
29.359766006469727,0.7237260937690735,-26.137903213500977,47
29.40096664428711,0.647987425327301,-26.3985538482666,47
29.47162437438965,0.6168209314346313,-26.49622917175293,47
29.567956924438477,0.6324618458747864,-26.43199920654297,47
29.68553924560547,0.6952149271965027,-26.213281631469727,47
29.819759368896484,0.8035760521888733,-25.8535213470459,47
29.96589469909668,0.9545458555221558,-25.371662139892578,47
30.119020462036133,1.143995761871338,-24.790794372558594,47
30.273723602294922,1.367323637008667,-24.13644027709961,47
30.423568725585938,1.6199562549591064,-23.4342098236084,47
30.56058120727539,1.8977320194244385,-22.70737075805664,47
30.67494010925293,2.197293519973755,-21.97510528564453,47
30.7548770904541,2.516019582748413,-21.250974655151367,47
30.78727912902832,2.852010488510132,-20.543363571166992,47
30.758718490600586,3.2037265300750732,-19.856517791748047,47
30.65683364868164,3.5695254802703857,-19.191946029663086,47
30.471757888793945,3.9473178386688232,-18.550010681152344,47
30.19717788696289,4.3341240882873535,-17.930587768554688,47
29.83112144470215,4.726016521453857,-17.333471298217773,47
29.37590980529785,5.1180219650268555,-16.75788688659668,47
28.837602615356445,5.5045390129089355,-16.20224952697754,47
28.225170135498047,5.879782676696777,-15.664060592651367,47
27.549379348754883,6.238254070281982,-15.139997482299805,47
26.82181739807129,6.575297832489014,-14.626582145690918,47
26.0539608001709,6.8873209953308105,-14.120959281921387,47
25.256572723388672,7.171819686889648,-13.621847152709961,47
24.43927001953125,7.427290439605713,-13.130019187927246,47
23.61001968383789,7.653095722198486,-12.64840316772461,47
22.775005340576172,7.8492279052734375,-12.181051254272461,47
21.938446044921875,8.015982627868652,-11.732295036315918,47
21.10259246826172,8.153742790222168,-11.30569839477539,47
20.267932891845703,8.262706756591797,-10.903109550476074,47
19.433408737182617,8.34273910522461,-10.524508476257324,47
18.59703254699707,8.393360137939453,-10.16801643371582,47
17.756324768066406,8.413932800292969,-9.830758094787598,47
16.908935546875,8.403827667236328,-9.509442329406738,47
16.053129196166992,8.362813949584961,-9.201167106628418,47
15.188021659851074,8.291377067565918,-8.903915405273438,47
14.313739776611328,8.191020965576172,-8.616622924804688,47
13.43124008178711,8.064444541931152,-8.338951110839844,47
12.5419282913208,7.915521621704102,-8.070716857910156,47
11.647270202636719,7.749273300170898,-7.811130046844482,47
10.748213768005371,7.57142448425293,-7.558178901672363,47
9.844771385192871,7.388095378875732,-7.307983875274658,47
8.935680389404297,7.205333709716797,-7.054642200469971,47
8.018488883972168,7.028773307800293,-6.790299415588379,47
7.089423656463623,6.863335132598877,-6.506052017211914,47
6.143998622894287,6.712899684906006,-6.192987442016602,47
5.177450180053711,6.580322265625,-5.843728065490723,47
4.185399532318115,6.467212677001953,-5.453762531280518,47
3.1645305156707764,6.3740434646606445,-5.022759914398193,47
2.1133978366851807,6.300235271453857,-4.555306434631348,47
1.0330265760421753,6.24430513381958,-4.061184406280518,47
-0.07266436517238617,6.204030513763428,-3.55491042137146,47
-1.1967403888702393,6.17673921585083,-3.054569959640503,47
-2.3294005393981934,6.159641265869141,-2.5798096656799316,47
-3.4586191177368164,6.14999532699585,-2.1496083736419678,47
-4.5709309577941895,6.145405292510986,-1.7801700830459595,47
-5.652296543121338,6.1440510749816895,-1.482898235321045,47
-6.689431190490723,6.144617080688477,-1.2635464668273926,47
-7.670626640319824,6.146354675292969,-1.121627688407898,47
-8.586724281311035,6.148885250091553,-1.0510843992233276,47
-9.431537628173828,6.152019500732422,-1.041451096534729,47
-10.202018737792969,6.1554789543151855,-1.0794892311096191,47
-10.898138046264648,6.1586713790893555,-1.151025652885437,47
-11.52219295501709,6.160497188568115,-1.2422441244125366,47
-12.078056335449219,6.15907621383667,-1.3411755561828613,47
-12.570075035095215,6.151846408843994,-1.4386167526245117,47
-13.001959800720215,6.135494709014893,-1.5289057493209839,47
-13.375492095947266,6.106108665466309,-1.6103094816207886,47
-13.689824104309082,6.0594611167907715,-1.6852854490280151,47
-13.940730094909668,5.991228103637695,-1.760084867477417,47
-14.120579719543457,5.897243499755859,-1.8443779945373535,47
-14.218659400939941,5.77366304397583,-1.9500441551208496,47
-14.22210693359375,5.617038249969482,-2.0896875858306885,47
-14.11712646484375,5.424340724945068,-2.2748539447784424,47
-13.890652656555176,5.193057537078857,-2.5135812759399414,47
-13.531917572021484,4.921165466308594,-2.808353900909424,47
-13.033973693847656,4.607543468475342,-3.153944969177246,47
-12.394654273986816,4.252170562744141,-3.5361251831054688,47
-11.61709976196289,3.856903314590454,-3.930915117263794,47
-10.70973014831543,3.425896406173706,-4.304498195648193,47
-9.685736656188965,2.9660120010375977,-4.613619327545166,47
-8.562203407287598,2.4868907928466797,-4.806604862213135,47
-7.359027862548828,2.0003557205200195,-4.825385570526123,47
-6.097506046295166,1.5195598602294922,-4.6083455085754395,47
-4.798813343048096,1.0577433109283447,-4.094343662261963,47
-3.482619524002075,0.6269329786300659,-3.2279410362243652,47
-2.1655399799346924,0.2367759495973587,-1.9649388790130615,47
0.0,0.0,0.0,47
0.0,0.0,0.0,47
0.0,0.0,0.0,47
0.0,0.0,0.0,47
0.0,0.0,0.0,47
0.0,0.0,0.0,47
0.0,0.0,0.0,47
0.0,0.0,0.0,47
